% # columns="iteration, evaluation, min max(neg(.)) min(pos(.)) max correlation, correlation matrix principal axes lengths  (sorted square roots of eigenvalues of correlation matrix)", seed=42, Mon Apr 28 17:03:23 2025
1 6 0.03041346178882781 0.03041346178882781 0.03041346178882781 0.03041346178882781 0.9846758543861895 1.015092834074218
2 12 0.23535795149542565 0.23535795149542565 0.23535795149542565 0.23535795149542565 0.9846758543861895 1.015092834074218
3 18 -0.018169255571420385 -0.018169255571420385 -0.018169255571420385 -0.018169255571420385 0.9908737277920835 1.0090437332303395
4 24 0.06301662691011624 0.06301662691011624 0.06301662691011624 0.06301662691011624 0.9908737277920835 1.0090437332303395
5 30 0.20856650363304036 0.20856650363304036 0.20856650363304036 0.20856650363304036 0.8896254809564302 1.0993482176421812
6 36 0.20909110331789185 0.20909110331789185 0.20909110331789185 0.20909110331789185 0.8896254809564302 1.0993482176421812
7 42 0.1697323052704921 0.1697323052704921 0.1697323052704921 0.1697323052704921 0.9111902626397561 1.0815416336278934
8 48 0.3172547596131796 0.3172547596131796 0.3172547596131796 0.3172547596131796 0.9111902626397561 1.0815416336278934
9 54 0.3983728884860577 0.3983728884860577 0.3983728884860577 0.3983728884860577 0.775646254109399 1.182528176614011
10 60 0.4674687072531739 0.4674687072531739 0.4674687072531739 0.4674687072531739 0.775646254109399 1.182528176614011
11 66 0.3929865938667938 0.3929865938667938 0.3929865938667938 0.3929865938667938 0.7791106507635525 1.1802485305505759
12 72 0.3522368370766744 0.3522368370766744 0.3522368370766744 0.3522368370766744 0.7791106507635525 1.1802485305505759
13 78 0.4006368873341994 0.4006368873341994 0.4006368873341994 0.4006368873341994 0.7741854510811996 1.1834850600384441
14 84 0.2077397315542746 0.2077397315542746 0.2077397315542746 0.2077397315542746 0.7741854510811996 1.1834850600384441
15 90 0.11447036870941876 0.11447036870941876 0.11447036870941876 0.11447036870941876 0.9410258398633808 1.0556847866240278
16 96 -0.004836169454117722 -0.004836169454117722 -0.004836169454117722 -0.004836169454117722 0.9410258398633808 1.0556847866240278
17 102 0.22703374783091365 0.22703374783091365 0.22703374783091365 0.22703374783091365 0.8791849931436992 1.1077155536647996
18 108 0.26863538785405894 0.26863538785405894 0.26863538785405894 0.26863538785405894 0.8791849931436992 1.1077155536647996
19 114 0.028163851818777952 0.028163851818777952 0.028163851818777952 0.028163851818777952 0.985817502472553 1.0139841477157214
20 120 0.023576921180283497 0.023576921180283497 0.023576921180283497 0.023576921180283497 0.985817502472553 1.0139841477157214
21 126 -0.17033147611490598 -0.17033147611490598 -0.17033147611490598 -0.17033147611490598 0.9108614185951089 1.081818596676405
22 132 -0.07388171889746073 -0.07388171889746073 -0.07388171889746073 -0.07388171889746073 0.9108614185951089 1.081818596676405
23 138 -0.28073439195272487 -0.28073439195272487 -0.28073439195272487 -0.28073439195272487 0.8480952824106943 1.1316953618146204
24 144 -0.41728430973662356 -0.41728430973662356 -0.41728430973662356 -0.41728430973662356 0.8480952824106943 1.1316953618146204
25 150 -0.29887372358727876 -0.29887372358727876 -0.29887372358727876 -0.29887372358727876 0.8373328349065988 1.139681413197249
26 156 -0.25432095096167984 -0.25432095096167984 -0.25432095096167984 -0.25432095096167984 0.8373328349065988 1.139681413197249
27 162 -0.21833273517679228 -0.21833273517679228 -0.21833273517679228 -0.21833273517679228 0.8841194856031666 1.103781108361976
28 168 -0.14251381698324378 -0.14251381698324378 -0.14251381698324378 -0.14251381698324378 0.8841194856031666 1.103781108361976
29 174 -0.11469054531701992 -0.11469054531701992 -0.11469054531701992 -0.11469054531701992 0.9409088450445029 1.0557890628894675
30 180 -0.1790507904866819 -0.1790507904866819 -0.1790507904866819 -0.1790507904866819 0.9409088450445029 1.0557890628894675
31 186 -0.18934672909369712 -0.18934672909369712 -0.18934672909369712 -0.18934672909369712 0.9003628551346966 1.090571744129517
32 192 -0.3604769135871335 -0.3604769135871335 -0.3604769135871335 -0.3604769135871335 0.9003628551346966 1.090571744129517
33 198 -0.29421539562564814 -0.29421539562564814 -0.29421539562564814 -0.29421539562564814 0.8401098763699614 1.1376358800713207
34 204 -0.2997811460594357 -0.2997811460594357 -0.2997811460594357 -0.2997811460594357 0.8401098763699614 1.1376358800713207
35 210 -0.42426001646603634 -0.42426001646603634 -0.42426001646603634 -0.42426001646603634 0.758775318216113 1.1934236533880314
36 216 -0.12275174820303411 -0.12275174820303411 -0.12275174820303411 -0.12275174820303411 0.758775318216113 1.1934236533880314
37 222 -0.07796719215741922 -0.07796719215741922 -0.07796719215741922 -0.07796719215741922 0.9602253942916635 1.038251988756785
38 228 -0.2914739840946218 -0.2914739840946218 -0.2914739840946218 -0.2914739840946218 0.9602253942916635 1.038251988756785
39 234 -0.31969348746330034 -0.31969348746330034 -0.31969348746330034 -0.31969348746330034 0.8248069547092215 1.1487791291032843
40 240 -0.149628793673094 -0.149628793673094 -0.149628793673094 -0.149628793673094 0.8248069547092215 1.1487791291032843
41 246 0.12414815116298604 0.12414815116298604 0.12414815116298604 0.12414815116298604 0.9358695682823617 1.060258530342004
42 252 0.05724015444198358 0.05724015444198358 0.05724015444198358 0.05724015444198358 0.9358695682823617 1.060258530342004
43 258 -0.007128335393140699 -0.007128335393140699 -0.007128335393140699 -0.007128335393140699 0.9964294579180503 1.0035578385888582
44 264 -0.07944433517865859 -0.07944433517865859 -0.07944433517865859 -0.07944433517865859 0.9964294579180503 1.0035578385888582
45 270 0.0937774841246511 0.0937774841246511 0.0937774841246511 0.0937774841246511 0.9519572027540675 1.0458381730098836
46 276 0.11049218025552451 0.11049218025552451 0.11049218025552451 0.11049218025552451 0.9519572027540675 1.0458381730098836
47 282 -0.16154168338780783 -0.16154168338780783 -0.16154168338780783 -0.16154168338780783 0.9156736954899339 1.0777484323290885
48 288 -0.3794949252748401 -0.3794949252748401 -0.3794949252748401 -0.3794949252748401 0.9156736954899339 1.0777484323290885
49 294 -0.24152583891100096 -0.24152583891100096 -0.24152583891100096 -0.24152583891100096 0.8709042203876377 1.1142377838284792
50 300 -0.16724028777585442 -0.16724028777585442 -0.16724028777585442 -0.16724028777585442 0.8709042203876377 1.1142377838284792
51 306 -0.5841766892733725 -0.5841766892733725 -0.5841766892733725 -0.5841766892733725 0.6448436327720292 1.2586408102685105
52 312 -0.6268007915168838 -0.6268007915168838 -0.6268007915168838 -0.6268007915168838 0.6448436327720292 1.2586408102685105
53 318 -0.649641920254881 -0.649641920254881 -0.649641920254881 -0.649641920254881 0.5919105335649291 1.2843838679518211
54 324 -0.7880139376699858 -0.7880139376699858 -0.7880139376699858 -0.7880139376699858 0.5919105335649291 1.2843838679518211
55 330 -0.5935692796388495 -0.5935692796388495 -0.5935692796388495 -0.5935692796388495 0.637519192151225 1.2623665393374657
56 336 -0.6394959044707534 -0.6394959044707534 -0.6394959044707534 -0.6394959044707534 0.637519192151225 1.2623665393374657
57 342 -0.6507439653601853 -0.6507439653601853 -0.6507439653601853 -0.6507439653601853 0.5909788783364551 1.284812813354609
58 348 -0.620802968331397 -0.620802968331397 -0.620802968331397 -0.620802968331397 0.5909788783364551 1.284812813354609
59 354 -0.6824726085091198 -0.6824726085091198 -0.6824726085091198 -0.6824726085091198 0.5634956889727553 1.297101618420515
60 360 -0.7595001325641472 -0.7595001325641472 -0.7595001325641472 -0.7595001325641472 0.5634956889727553 1.297101618420515
61 366 -0.6821434834841887 -0.6821434834841887 -0.6821434834841887 -0.6821434834841887 0.5637876519717431 1.296974742808891
62 372 -0.6203761946334977 -0.6203761946334977 -0.6203761946334977 -0.6203761946334977 0.5637876519717431 1.296974742808891
63 378 -0.612153089788319 -0.612153089788319 -0.612153089788319 -0.612153089788319 0.6227735625503712 1.2697059068100451
64 384 -0.7868990403176319 -0.7868990403176319 -0.7868990403176319 -0.7868990403176319 0.6227735625503712 1.2697059068100451
65 390 -0.7262577295501937 -0.7262577295501937 -0.7262577295501937 -0.7262577295501937 0.5232038517153771 1.313871275867691
66 396 -0.6689613069759778 -0.6689613069759778 -0.6689613069759778 -0.6689613069759778 0.5232038517153771 1.313871275867691
67 402 -0.658436677457054 -0.658436677457054 -0.658436677457054 -0.658436677457054 0.5844341900872551 1.2878030429600071
68 408 -0.6611521305119088 -0.6611521305119088 -0.6611521305119088 -0.6611521305119088 0.5844341900872551 1.2878030429600071
69 414 -0.6779279860170292 -0.6779279860170292 -0.6779279860170292 -0.6779279860170292 0.5675138888018254 1.2953485963311302
70 420 -0.6920042336259926 -0.6920042336259926 -0.6920042336259926 -0.6920042336259926 0.5675138888018254 1.2953485963311302
71 426 -0.578169149495727 -0.578169149495727 -0.578169149495727 -0.578169149495727 0.6494850656514537 1.2562520246732847
72 432 -0.5021843387999513 -0.5021843387999513 -0.5021843387999513 -0.5021843387999513 0.6494850656514537 1.2562520246732847
73 438 -0.6512956842828724 -0.6512956842828724 -0.6512956842828724 -0.6512956842828724 0.5905119098859289 1.2850275033176808
74 444 -0.7931829215534096 -0.7931829215534096 -0.7931829215534096 -0.7931829215534096 0.5905119098859289 1.2850275033176808
75 450 -0.706580599037456 -0.706580599037456 -0.706580599037456 -0.706580599037456 0.5416820109275774 1.3063615881667128
76 456 -0.6704558635086706 -0.6704558635086706 -0.6704558635086706 -0.6704558635086706 0.5416820109275774 1.3063615881667128
77 462 -0.6286514108678702 -0.6286514108678702 -0.6286514108678702 -0.6286514108678702 0.6093837781990344 1.27618627592835
78 468 -0.6649690412607162 -0.6649690412607162 -0.6649690412607162 -0.6649690412607162 0.6093837781990344 1.27618627592835
79 474 -0.6750142576226353 -0.6750142576226353 -0.6750142576226353 -0.6750142576226353 0.5700752076501526 1.2942234187429291
80 480 -0.7457406882062193 -0.7457406882062193 -0.7457406882062193 -0.7457406882062193 0.5700752076501526 1.2942234187429291
81 486 -0.7969204529252069 -0.7969204529252069 -0.7969204529252069 -0.7969204529252069 0.4506434811187146 1.3404926157667587
82 492 -0.6062871357596673 -0.6062871357596673 -0.6062871357596673 -0.6062871357596673 0.4506434811187146 1.3404926157667587
83 498 -0.5658747136513088 -0.5658747136513088 -0.5658747136513088 -0.5658747136513088 0.6588818455145741 1.2513491573702795
84 504 -0.6991732564951837 -0.6991732564951837 -0.6991732564951837 -0.6991732564951837 0.6588818455145741 1.2513491573702795
85 510 -0.7813240512880166 -0.7813240512880166 -0.7813240512880166 -0.7813240512880166 0.46762800248914027 1.3346625233698655
86 516 -0.669473401287947 -0.669473401287947 -0.669473401287947 -0.669473401287947 0.46762800248914027 1.3346625233698655
87 522 -0.6493812220403091 -0.6493812220403091 -0.6493812220403091 -0.6493812220403091 0.592130710198087 1.2842823762865818
88 528 -0.7227457547924269 -0.7227457547924269 -0.7227457547924269 -0.7227457547924269 0.592130710198087 1.2842823762865818
89 534 -0.8243104470420147 -0.8243104470420147 -0.8243104470420147 -0.8243104470420147 0.41915337641248385 1.3506703694987963
90 540 -0.8757240869712419 -0.8757240869712419 -0.8757240869712419 -0.8757240869712419 0.41915337641248385 1.3506703694987963
91 546 -0.8915709149965009 -0.8915709149965009 -0.8915709149965009 -0.8915709149965009 0.32928571940413576 1.3753439260768563
92 552 -0.8698770975230531 -0.8698770975230531 -0.8698770975230531 -0.8698770975230531 0.32928571940413576 1.3753439260768563
93 558 -0.8672746160767459 -0.8672746160767459 -0.8672746160767459 -0.8672746160767459 0.3643149515505152 1.366482570718246
94 564 -0.9186486117137772 -0.9186486117137772 -0.9186486117137772 -0.9186486117137772 0.3643149515505152 1.366482570718246
95 570 -0.943726129989983 -0.943726129989983 -0.943726129989983 -0.943726129989983 0.23722114157472768 1.3941757887691146
96 576 -0.9243462858059457 -0.9243462858059457 -0.9243462858059457 -0.9243462858059457 0.23722114157472768 1.3941757887691146
97 582 -0.9035466934946155 -0.9035466934946155 -0.9035466934946155 -0.9035466934946155 0.31056932640778395 1.3796907963361267
98 588 -0.8938648591622297 -0.8938648591622297 -0.8938648591622297 -0.8938648591622297 0.31056932640778395 1.3796907963361267
99 594 -0.8439924689817778 -0.8439924689817778 -0.8439924689817778 -0.8439924689817778 0.3949778867458558 1.357936842780907
100 600 -0.854338897322053 -0.854338897322053 -0.854338897322053 -0.854338897322053 0.3949778867458558 1.357936842780907
101 606 -0.8769042655991967 -0.8769042655991967 -0.8769042655991967 -0.8769042655991967 0.35085001695995877 1.3700015567871433
102 612 -0.8700220786587771 -0.8700220786587771 -0.8700220786587771 -0.8700220786587771 0.35085001695995877 1.3700015567871433
103 618 -0.8573343618953029 -0.8573343618953029 -0.8573343618953029 -0.8573343618953029 0.37771105107568287 1.3628405489620945
104 624 -0.9141645584077005 -0.9141645584077005 -0.9141645584077005 -0.9141645584077005 0.37771105107568287 1.3628405489620945
105 630 -0.859823270608892 -0.859823270608892 -0.859823270608892 -0.859823270608892 0.3744018287763939 1.3637533760210796
106 636 -0.8797095923898699 -0.8797095923898699 -0.8797095923898699 -0.8797095923898699 0.3744018287763939 1.3637533760210796
107 642 -0.9142666485901308 -0.9142666485901308 -0.9142666485901308 -0.9142666485901308 0.29280258094810085 1.3835702543022999
108 648 -0.9245877013810959 -0.9245877013810959 -0.9245877013810959 -0.9245877013810959 0.29280258094810085 1.3835702543022999
109 654 -0.9257838914546719 -0.9257838914546719 -0.9257838914546719 -0.9257838914546719 0.27242633599806054 1.3877261586691634
110 660 -0.9548165183529531 -0.9548165183529531 -0.9548165183529531 -0.9548165183529531 0.27242633599806054 1.3877261586691634
111 666 -0.9550700037945998 -0.9550700037945998 -0.9550700037945998 -0.9550700037945998 0.21196696960941816 1.3982381784927058
112 672 -0.9483043737723448 -0.9483043737723448 -0.9483043737723448 -0.9483043737723448 0.21196696960941816 1.3982381784927058
113 678 -0.9512401031742291 -0.9512401031742291 -0.9512401031742291 -0.9512401031742291 0.22081643241790422 1.3968679619685709
114 684 -0.9753487788180011 -0.9753487788180011 -0.9753487788180011 -0.9753487788180011 0.22081643241790422 1.3968679619685709
115 690 -0.9850965627522964 -0.9850965627522964 -0.9850965627522964 -0.9850965627522964 0.1220796348606262 1.4089345487822693
116 696 -0.9838824925878666 -0.9838824925878666 -0.9838824925878666 -0.9838824925878666 0.1220796348606262 1.4089345487822693
117 702 -0.9768425622180206 -0.9768425622180206 -0.9768425622180206 -0.9768425622180206 0.15217568065226283 1.4060023336460081
118 708 -0.9695229747364975 -0.9695229747364975 -0.9695229747364975 -0.9695229747364975 0.15217568065226283 1.4060023336460081
119 714 -0.954248717339425 -0.954248717339425 -0.954248717339425 -0.954248717339425 0.21389549471780628 1.397944461464555
120 720 -0.954581393173863 -0.954581393173863 -0.954581393173863 -0.954581393173863 0.21389549471780628 1.397944461464555
121 726 -0.9741252458935976 -0.9741252458935976 -0.9741252458935976 -0.9741252458935976 0.16085631509643128 1.4050356742423296
122 732 -0.9794616574766997 -0.9794616574766997 -0.9794616574766997 -0.9794616574766997 0.16085631509643128 1.4050356742423296
123 738 -0.9802651763191883 -0.9802651763191883 -0.9802651763191883 -0.9802651763191883 0.14048068792831128 1.4072189510943875
124 744 -0.965259627914976 -0.965259627914976 -0.965259627914976 -0.965259627914976 0.14048068792831128 1.4072189510943875
125 750 -0.9859994296279833 -0.9859994296279833 -0.9859994296279833 -0.9859994296279833 0.11832400589912766 1.4092549200297237
126 756 -0.9904521036106383 -0.9904521036106383 -0.9904521036106383 -0.9904521036106383 0.11832400589912766 1.4092549200297237
127 762 -0.983011597515916 -0.983011597515916 -0.983011597515916 -0.983011597515916 0.13033956607294572 1.4081944459185727
128 768 -0.98634160441946 -0.98634160441946 -0.98634160441946 -0.98634160441946 0.13033956607294572 1.4081944459185727
129 774 -0.987718730560211 -0.987718730560211 -0.987718730560211 -0.987718730560211 0.11082088900468665 1.4098647915882612
130 780 -0.9893355234164323 -0.9893355234164323 -0.9893355234164323 -0.9893355234164323 0.11082088900468665 1.4098647915882612
131 786 -0.9918242526757014 -0.9918242526757014 -0.9918242526757014 -0.9918242526757014 0.09041983921849624 1.4113200390682836
132 792 -0.9926900747627843 -0.9926900747627843 -0.9926900747627843 -0.9926900747627843 0.09041983921849624 1.4113200390682836
133 798 -0.9947584222552164 -0.9947584222552164 -0.9947584222552164 -0.9947584222552164 0.07239874132043901 1.4123591689988835
134 804 -0.9934584248319434 -0.9934584248319434 -0.9934584248319434 -0.9934584248319434 0.07239874132043901 1.4123591689988835
135 810 -0.9936350195034713 -0.9936350195034713 -0.9936350195034713 -0.9936350195034713 0.079780827875678 1.4119614086452472
136 816 -0.9920272082127769 -0.9920272082127769 -0.9920272082127769 -0.9920272082127769 0.079780827875678 1.4119614086452472
137 822 -0.9891213102321761 -0.9891213102321761 -0.9891213102321761 -0.9891213102321761 0.10430095765535463 1.4103621202486176
138 828 -0.9923310899817492 -0.9923310899817492 -0.9923310899817492 -0.9923310899817492 0.10430095765535463 1.4103621202486176
139 834 -0.9937149121232817 -0.9937149121232817 -0.9937149121232817 -0.9937149121232817 0.07927854613146225 1.4119896997227994
140 840 -0.9956643533897701 -0.9956643533897701 -0.9956643533897701 -0.9956643533897701 0.07927854613146225 1.4119896997227994
141 846 -0.9962644569931707 -0.9962644569931707 -0.9962644569931707 -0.9962644569931707 0.06111908872708664 1.4128922312027803
142 852 -0.9969433176876404 -0.9969433176876404 -0.9969433176876404 -0.9969433176876404 0.06111908872708664 1.4128922312027803
143 858 -0.9982310075596429 -0.9982310075596429 -0.9982310075596429 -0.9982310075596429 0.04205939182105728 1.4135879907383349
144 864 -0.9982946358401359 -0.9982946358401359 -0.9982946358401359 -0.9982946358401359 0.04205939182105728 1.4135879907383349
145 870 -0.9984706624997426 -0.9984706624997426 -0.9984706624997426 -0.9984706624997426 0.039106744945818485 1.4136727565104106
146 876 -0.9989348891290355 -0.9989348891290355 -0.9989348891290355 -0.9989348891290355 0.039106744945818485 1.4136727565104106
147 882 -0.9992159450320539 -0.9992159450320539 -0.9992159450320539 -0.9992159450320539 0.028000981553258524 1.4139363299074164
148 888 -0.9988568743313231 -0.9988568743313231 -0.9988568743313231 -0.9988568743313231 0.028000981553258524 1.4139363299074164
149 894 -0.9989824418972485 -0.9989824418972485 -0.9989824418972485 -0.9989824418972485 0.031899186553132654 1.413853755484367
150 900 -0.9980754095476448 -0.9980754095476448 -0.9980754095476448 -0.9980754095476448 0.031899186553132654 1.413853755484367
151 906 -0.9983989947781158 -0.9983989947781158 -0.9983989947781158 -0.9983989947781158 0.04001256330059486 1.413647408223888
152 912 -0.9975218458705455 -0.9975218458705455 -0.9975218458705455 -0.9975218458705455 0.04001256330059486 1.413647408223888
153 918 -0.9978900615440582 -0.9978900615440582 -0.9978900615440582 -0.9978900615440582 0.04593406639893492 1.4134673896288015
154 924 -0.9963556264939858 -0.9963556264939858 -0.9963556264939858 -0.9963556264939858 0.04593406639893492 1.4134673896288015
155 930 -0.9946076788791476 -0.9946076788791476 -0.9946076788791476 -0.9946076788791476 0.07343242554112231 1.4123058021827806
156 936 -0.9953880642033194 -0.9953880642033194 -0.9953880642033194 -0.9953880642033194 0.07343242554112231 1.4123058021827806
157 942 -0.994092574158321 -0.994092574158321 -0.994092574158321 -0.994092574158321 0.07685978039051933 1.4121234273810208
158 948 -0.9929596919432883 -0.9929596919432883 -0.9929596919432883 -0.9929596919432883 0.07685978039051933 1.4121234273810208
159 954 -0.9959582465841827 -0.9959582465841827 -0.9959582465841827 -0.9959582465841827 0.06357478600685552 1.4127838640726977
160 960 -0.9957447631118815 -0.9957447631118815 -0.9957447631118815 -0.9957447631118815 0.06357478600685552 1.4127838640726977
161 966 -0.9920521774973674 -0.9920521774973674 -0.9920521774973674 -0.9920521774973674 0.08915056086549712 1.4114007855663704
162 972 -0.9913575014434393 -0.9913575014434393 -0.9913575014434393 -0.9913575014434393 0.08915056086549712 1.4114007855663704
163 978 -0.9946296640239911 -0.9946296640239911 -0.9946296640239911 -0.9946296640239911 0.07328257621023491 1.412313585583595
164 984 -0.9963333306897658 -0.9963333306897658 -0.9963333306897658 -0.9963333306897658 0.07328257621023491 1.412313585583595
165 990 -0.9965372747321076 -0.9965372747321076 -0.9965372747321076 -0.9965372747321076 0.0588449255916981 1.4129887737459585
166 996 -0.9966186359181718 -0.9966186359181718 -0.9966186359181718 -0.9966186359181718 0.0588449255916981 1.4129887737459585
167 1002 -0.9970144025938694 -0.9970144025938694 -0.9970144025938694 -0.9970144025938694 0.054640620477173614 1.4131576000552342
168 1008 -0.9973652915296626 -0.9973652915296626 -0.9973652915296626 -0.9973652915296626 0.054640620477173614 1.4131576000552342
169 1014 -0.9982236278238801 -0.9982236278238801 -0.9982236278238801 -0.9982236278238801 0.04214703045435019 1.4135853804506753
170 1020 -0.9987937113376026 -0.9987937113376026 -0.9987937113376026 -0.9987937113376026 0.04214703045435019 1.4135853804506753
171 1026 -0.9991208203528232 -0.9991208203528232 -0.9991208203528232 -0.9991208203528232 0.02965096368040521 1.4139026912601953
172 1032 -0.9993404547296371 -0.9993404547296371 -0.9993404547296371 -0.9993404547296371 0.02965096368040521 1.4139026912601953
173 1038 -0.9994177907677813 -0.9994177907677813 -0.9994177907677813 -0.9994177907677813 0.024129012251201527 1.414007705342436
174 1044 -0.9993082199453673 -0.9993082199453673 -0.9993082199453673 -0.9993082199453673 0.024129012251201527 1.414007705342436
175 1050 -0.9994350445824312 -0.9994350445824312 -0.9994350445824312 -0.9994350445824312 0.023768790831023724 1.4140138063620282
176 1056 -0.999376789437009 -0.999376789437009 -0.999376789437009 -0.999376789437009 0.023768790831023724 1.4140138063620282
177 1062 -0.9995559165712012 -0.9995559165712012 -0.9995559165712012 -0.9995559165712012 0.02107328709050295 1.4140565464546322
178 1068 -0.9994919047017152 -0.9994919047017152 -0.9994919047017152 -0.9994919047017152 0.02107328709050295 1.4140565464546322
179 1074 -0.9996555226418079 -0.9996555226418079 -0.9996555226418079 -0.9996555226418079 0.01856010124411853 1.4140917659903858
180 1080 -0.999735761786468 -0.999735761786468 -0.999735761786468 -0.999735761786468 0.01856010124411853 1.4140917659903858
181 1086 -0.999767335502602 -0.999767335502602 -0.999767335502602 -0.999767335502602 0.015253343810385928 1.414131300658677
182 1092 -0.9998550614856027 -0.9998550614856027 -0.9998550614856027 -0.9998550614856027 0.015253343810385928 1.414131300658677
183 1098 -0.9998960802470311 -0.9998960802470311 -0.9998960802470311 -0.9998960802470311 0.010194103833536193 1.414176820714804
184 1104 -0.9999076702983701 -0.9999076702983701 -0.9999076702983701 -0.9999076702983701 0.010194103833536193 1.414176820714804
185 1110 -0.9999071812958371 -0.9999071812958371 -0.9999071812958371 -0.9999071812958371 0.009634246424232341 1.4141807456247724
186 1116 -0.9999313011259817 -0.9999313011259817 -0.9999313011259817 -0.9999313011259817 0.009634246424232341 1.4141807456247724
187 1122 -0.9998995996119363 -0.9998995996119363 -0.9998995996119363 -0.9998995996119363 0.01001999940437587 1.4141780650299793
188 1128 -0.9998633337056647 -0.9998633337056647 -0.9998633337056647 -0.9998633337056647 0.01001999940437587 1.4141780650299793
189 1134 -0.9999032431448156 -0.9999032431448156 -0.9999032431448156 -0.9999032431448156 0.009836506248887301 1.4141793532451306
190 1140 -0.9999188258323038 -0.9999188258323038 -0.9999188258323038 -0.9999188258323038 0.009836506248887301 1.4141793532451306
191 1146 -0.9999436048596497 -0.9999436048596497 -0.9999436048596497 -0.9999436048596497 0.00750966978969607 1.4141936235394537
192 1152 -0.9999323031282603 -0.9999323031282603 -0.9999323031282603 -0.9999323031282603 0.00750966978969607 1.4141936235394537
193 1158 -0.9999577174939007 -0.9999577174939007 -0.9999577174939007 -0.9999577174939007 0.006502499988414741 1.4141986131706892
194 1164 -0.9999716130050905 -0.9999716130050905 -0.9999716130050905 -0.9999716130050905 0.006502499988414741 1.4141986131706892
195 1170 -0.9999770269326219 -0.9999770269326219 -0.9999770269326219 -0.9999770269326219 0.004793022780879441 1.414205440143907
196 1176 -0.9999774528881271 -0.9999774528881271 -0.9999774528881271 -0.9999774528881271 0.004793022780879441 1.414205440143907
197 1182 -0.9999873565231011 -0.9999873565231011 -0.9999873565231011 -0.9999873565231011 0.003555766710390543 1.4142090922219037
198 1188 -0.9999906704422841 -0.9999906704422841 -0.9999906704422841 -0.9999906704422841 0.003555766710390543 1.4142090922219037
199 1194 -0.9999902201504026 -0.9999902201504026 -0.9999902201504026 -0.9999902201504026 0.003127275107402607 1.4142101046698834
200 1200 -0.999991809038165 -0.999991809038165 -0.999991809038165 -0.999991809038165 0.003127275107402607 1.4142101046698834
201 1206 -0.9999914907829573 -0.9999914907829573 -0.9999914907829573 -0.9999914907829573 0.00291705622889592 1.4142105539073584
202 1212 -0.9999924568993965 -0.9999924568993965 -0.9999924568993965 -0.9999924568993965 0.00291705622889592 1.4142105539073584
203 1218 -0.9999933473562689 -0.9999933473562689 -0.9999933473562689 -0.9999933473562689 0.0025792719381979396 1.4142112103063915
204 1224 -0.999993733173006 -0.999993733173006 -0.999993733173006 -0.999993733173006 0.0025792719381979396 1.4142112103063915
205 1230 -0.9999946519613777 -0.9999946519613777 -0.9999946519613777 -0.9999946519613777 0.002312582673623513 1.4142116715546431
206 1236 -0.9999942703853394 -0.9999942703853394 -0.9999942703853394 -0.9999942703853394 0.002312582673623513 1.4142116715546431
207 1242 -0.9999970875540525 -0.9999970875540525 -0.9999970875540525 -0.9999970875540525 0.0017065889802209816 1.4142125326675805
208 1248 -0.9999974464301894 -0.9999974464301894 -0.9999974464301894 -0.9999974464301894 0.0017065889802209816 1.4142125326675805
209 1254 -0.999997767277779 -0.999997767277779 -0.999997767277779 -0.999997767277779 0.0014942296412632154 1.4142127729863632
210 1260 -0.9999983622132687 -0.9999983622132687 -0.9999983622132687 -0.9999983622132687 0.0014942296412632154 1.4142127729863632
211 1266 -0.9999972275119962 -0.9999972275119962 -0.9999972275119962 -0.9999972275119962 0.001665078978310131 1.4142125821502214
212 1272 -0.999997158170695 -0.999997158170695 -0.999997158170695 -0.999997158170695 0.001665078978310131 1.4142125821502214
213 1278 -0.9999947006427437 -0.9999947006427437 -0.9999947006427437 -0.9999947006427437 0.002302033287423379 1.414211688766128
214 1284 -0.9999970358680145 -0.9999970358680145 -0.9999970358680145 -0.9999970358680145 0.002302033287423379 1.414211688766128
215 1290 -0.9999979588150877 -0.9999979588150877 -0.9999979588150877 -0.9999979588150877 0.001428700427713707 1.4142128407050643
216 1296 -0.9999973876976302 -0.9999973876976302 -0.9999973876976302 -0.9999973876976302 0.001428700427713707 1.4142128407050643
217 1302 -0.9999980392390533 -0.9999980392390533 -0.9999980392390533 -0.9999980392390533 0.0014002717402529644 1.4142128691392442
218 1308 -0.9999986237191623 -0.9999986237191623 -0.9999986237191623 -0.9999986237191623 0.0014002717402529644 1.4142128691392442
219 1314 -0.9999981004412903 -0.9999981004412903 -0.9999981004412903 -0.9999981004412903 0.001378244793043129 1.414212890777513
220 1320 -0.9999980985081762 -0.9999980985081762 -0.9999980985081762 -0.9999980985081762 0.001378244793043129 1.414212890777513
221 1326 -0.9999985576319963 -0.9999985576319963 -0.9999985576319963 -0.9999985576319963 0.0012009862629573478 1.414213052418905
222 1332 -0.9999983401967057 -0.9999983401967057 -0.9999983401967057 -0.9999983401967057 0.0012009862629573478 1.414213052418905
223 1338 -0.9999987009134851 -0.9999987009134851 -0.9999987009134851 -0.9999987009134851 0.0011397747649693742 1.4142131030765783
224 1344 -0.9999984409864721 -0.9999984409864721 -0.9999984409864721 -0.9999984409864721 0.0011397747649693742 1.4142131030765783
225 1350 -0.9999988622950887 -0.9999988622950887 -0.9999988622950887 -0.9999988622950887 0.001066632509845053 1.4142131601336088
226 1356 -0.9999994409439201 -0.9999994409439201 -0.9999994409439201 -0.9999994409439201 0.001066632509845053 1.4142131601336088
227 1362 -0.9999996650454381 -0.9999996650454381 -0.9999996650454381 -0.9999996650454381 0.0005787525913339328 1.414213443948769
228 1368 -0.9999997674406865 -0.9999997674406865 -0.9999997674406865 -0.9999997674406865 0.0005787525913339328 1.414213443948769
229 1374 -0.99999977116878 -0.99999977116878 -0.99999977116878 -0.99999977116878 0.00047836306286881724 1.414213481469039
230 1380 -0.9999997631317119 -0.9999997631317119 -0.9999997631317119 -0.9999997631317119 0.00047836306286881724 1.414213481469039
231 1386 -0.9999998020018814 -0.9999998020018814 -0.9999998020018814 -0.9999998020018814 0.0004449697951180003 1.4142134923701872
232 1392 -0.9999997823969845 -0.9999997823969845 -0.9999997823969845 -0.9999997823969845 0.0004449697951180003 1.4142134923701872
233 1398 -0.999999879105093 -0.999999879105093 -0.999999879105093 -0.999999879105093 0.0003476994495196175 1.4142135196302903
234 1404 -0.9999999173565498 -0.9999999173565498 -0.9999999173565498 -0.9999999173565498 0.0003476994495196175 1.4142135196302903
235 1410 -0.9999998422928071 -0.9999998422928071 -0.9999998422928071 -0.9999998422928071 0.0003971236496136957 1.4142135066151813
236 1416 -0.999999872765763 -0.999999872765763 -0.999999872765763 -0.999999872765763 0.0003971236496136957 1.4142135066151813
237 1422 -0.9999998766225457 -0.9999998766225457 -0.9999998766225457 -0.9999998766225457 0.0003512512693970795 1.414213518752577
238 1428 -0.9999998460699783 -0.9999998460699783 -0.9999998460699783 -0.9999998460699783 0.0003512512693970795 1.414213518752577
239 1434 -0.999999893006446 -0.999999893006446 -0.999999893006446 -0.999999893006446 0.0003270986912149144 1.4142135245451608
240 1440 -0.9999998936522012 -0.9999998936522012 -0.9999998936522012 -0.9999998936522012 0.0003270986912149144 1.4142135245451608
241 1446 -0.9999999580990918 -0.9999999580990918 -0.9999999580990918 -0.9999999580990918 0.00020469711355704703 1.4142135475588868
242 1452 -0.9999999638753756 -0.9999999638753756 -0.9999999638753756 -0.9999999638753756 0.00020469711355704703 1.4142135475588868
243 1458 -0.9999999599753768 -0.9999999599753768 -0.9999999599753768 -0.9999999599753768 0.0002000615490127084 1.4142135482222538
244 1464 -0.9999999595996062 -0.9999999595996062 -0.9999999595996062 -0.9999999595996062 0.0002000615490127084 1.4142135482222538
245 1470 -0.9999999709194486 -0.9999999709194486 -0.9999999709194486 -0.9999999709194486 0.00017053020625344418 1.4142135520915675
246 1476 -0.99999997253286 -0.99999997253286 -0.99999997253286 -0.99999997253286 0.00017053020625344418 1.4142135520915675
247 1482 -0.9999999775002257 -0.9999999775002257 -0.9999999775002257 -0.9999999775002257 0.00014999924792131659 1.4142135544182235
248 1488 -0.9999999818299873 -0.9999999818299873 -0.9999999818299873 -0.9999999818299873 0.00014999924792131659 1.4142135544182235
249 1494 -0.9999999874134252 -0.9999999874134252 -0.9999999874134252 -0.9999999874134252 0.00011218990474598784 1.4142135579230688
250 1500 -0.9999999939831354 -0.9999999939831354 -0.9999999939831354 -0.9999999939831354 0.00011218990474598784 1.4142135579230688
251 1506 -0.9999999937838346 -0.9999999937838346 -0.9999999937838346 -0.9999999937838346 7.884266381715295e-05 1.4142135601753487
252 1512 -0.9999999959637178 -0.9999999959637178 -0.9999999959637178 -0.9999999959637178 7.884266381715295e-05 1.4142135601753487
253 1518 -0.9999999963083871 -0.9999999963083871 -0.9999999963083871 -0.9999999963083871 6.075864560107919e-05 1.4142135610679127
254 1524 -0.9999999982503788 -0.9999999982503788 -0.9999999982503788 -0.9999999982503788 6.075864560107919e-05 1.4142135610679127
255 1530 -0.9999999983792534 -0.9999999983792534 -0.9999999983792534 -0.9999999983792534 4.025849645700714e-05 1.4142135618000746
256 1536 -0.9999999974864815 -0.9999999974864815 -0.9999999974864815 -0.9999999974864815 4.025849645700714e-05 1.4142135618000746
257 1542 -0.999999996695764 -0.999999996695764 -0.999999996695764 -0.999999996695764 5.748248328755876e-05 1.4142135612048712
258 1548 -0.9999999968986928 -0.9999999968986928 -0.9999999968986928 -0.9999999968986928 5.748248328755876e-05 1.4142135612048712
259 1554 -0.9999999973674951 -0.9999999973674951 -0.9999999973674951 -0.9999999973674951 5.130794439759291e-05 1.414213561442364
260 1560 -0.9999999968014057 -0.9999999968014057 -0.9999999968014057 -0.9999999968014057 5.130794439759291e-05 1.414213561442364
261 1566 -0.9999999969521653 -0.9999999969521653 -0.9999999969521653 -0.9999999969521653 5.520719796219918e-05 1.4142135612955227
262 1572 -0.9999999979787606 -0.9999999979787606 -0.9999999979787606 -0.9999999979787606 5.520719796219918e-05 1.4142135612955227
263 1578 -0.9999999963176412 -0.9999999963176412 -0.9999999963176412 -0.9999999963176412 6.0682441869586764e-05 1.4142135610711846
264 1584 -0.9999999979051866 -0.9999999979051866 -0.9999999979051866 -0.9999999979051866 6.0682441869586764e-05 1.4142135610711846
265 1590 -0.9999999964814494 -0.9999999964814494 -0.9999999964814494 -0.9999999964814494 5.9317371035046716e-05 1.4142135611290996
266 1596 -0.9999999943956093 -0.9999999943956093 -0.9999999943956093 -0.9999999943956093 5.9317371035046716e-05 1.4142135611290996
267 1602 -0.9999999957457956 -0.9999999957457956 -0.9999999957457956 -0.9999999957457956 6.52242617601121e-05 1.4142135608690065
268 1608 -0.9999999958480654 -0.9999999958480654 -0.9999999958480654 -0.9999999958480654 6.52242617601121e-05 1.4142135608690065
269 1614 -0.9999999952137235 -0.9999999952137235 -0.9999999952137235 -0.9999999952137235 6.918291887606777e-05 1.4142135606808908
270 1620 -0.9999999957579726 -0.9999999957579726 -0.9999999957579726 -0.9999999957579726 6.918291887606777e-05 1.4142135606808908
271 1626 -0.9999999953389187 -0.9999999953389187 -0.9999999953389187 -0.9999999953389187 6.827211215940886e-05 1.414213560725154
272 1632 -0.9999999977185127 -0.9999999977185127 -0.9999999977185127 -0.9999999977185127 6.827211215940886e-05 1.414213560725154
273 1638 -0.9999999988261831 -0.9999999988261831 -0.9999999988261831 -0.9999999988261831 3.426101022328866e-05 1.414213561958088
274 1644 -0.9999999990056649 -0.9999999990056649 -0.9999999990056649 -0.9999999990056649 3.426101022328866e-05 1.414213561958088
275 1650 -0.42584156089231406 -0.42584156089231406 -0.42584156089231406 -0.42584156089231406 0.7577324323979315 1.1940860776729265
276 1656 -0.3044313230537203 -0.3044313230537203 -0.3044313230537203 -0.3044313230537203 0.7577324323979315 1.1940860776729265
277 1662 -0.27121922160572615 -0.27121922160572615 -0.27121922160572615 -0.27121922160572615 0.8536865808915318 1.1274835793064688
278 1668 -0.17012846982365673 -0.17012846982365673 -0.17012846982365673 -0.17012846982365673 0.8536865808915318 1.1274835793064688
279 1674 -0.3257417091121811 -0.3257417091121811 -0.3257417091121811 -0.3257417091121811 0.8211323223986612 1.1514085760980683
280 1680 -0.2881488276974349 -0.2881488276974349 -0.2881488276974349 -0.2881488276974349 0.8211323223986612 1.1514085760980683
281 1686 -0.23838590551783065 -0.23838590551783065 -0.23838590551783065 -0.23838590551783065 0.8727050443776346 1.1128278867452193
282 1692 -0.4344629825266649 -0.4344629825266649 -0.4344629825266649 -0.4344629825266649 0.8727050443776346 1.1128278867452193
283 1698 -0.5802689580878799 -0.5802689580878799 -0.5802689580878799 -0.5802689580878799 0.6478665309399153 1.2570874902280589
284 1704 -0.6330652873066448 -0.6330652873066448 -0.6330652873066448 -0.6330652873066448 0.6478665309399153 1.2570874902280589
285 1710 -0.6933000988001276 -0.6933000988001276 -0.6933000988001276 -0.6933000988001276 0.5538049306388237 1.3012686497415233
286 1716 -0.7472922114439747 -0.7472922114439747 -0.7472922114439747 -0.7472922114439747 0.5538049306388237 1.3012686497415233
287 1722 -0.7003322124023378 -0.7003322124023378 -0.7003322124023378 -0.7003322124023378 0.5474192064566809 1.303967872457883
288 1728 -0.7005077080384381 -0.7005077080384381 -0.7005077080384381 -0.7005077080384381 0.5474192064566809 1.303967872457883
289 1734 -0.598593487795613 -0.598593487795613 -0.598593487795613 -0.598593487795613 0.6335665018010241 1.2643549690635194
290 1740 -0.5103752829743782 -0.5103752829743782 -0.5103752829743782 -0.5103752829743782 0.6335665018010241 1.2643549690635194
291 1746 -0.6323228320942518 -0.6323228320942518 -0.6323228320942518 -0.6323228320942518 0.6063638906677642 1.2776239008778176
292 1752 -0.7771803382284534 -0.7771803382284534 -0.7771803382284534 -0.7771803382284534 0.6063638906677642 1.2776239008778176
293 1758 -0.5860232389576527 -0.5860232389576527 -0.5860232389576527 -0.5860232389576527 0.6434102587325969 1.2593741457397212
294 1764 -0.5686002931108085 -0.5686002931108085 -0.5686002931108085 -0.5686002931108085 0.6434102587325969 1.2593741457397212
295 1770 -0.7714032608896935 -0.7714032608896935 -0.7714032608896935 -0.7714032608896935 0.478117913396169 1.3309407428167843
296 1776 -0.8135912534655982 -0.8135912534655982 -0.8135912534655982 -0.8135912534655982 0.478117913396169 1.3309407428167843
297 1782 -0.6201580785588394 -0.6201580785588394 -0.6201580785588394 -0.6201580785588394 0.6163131683171799 1.2728543037436921
298 1788 -0.46108696142867595 -0.46108696142867595 -0.46108696142867595 -0.46108696142867595 0.6163131683171799 1.2728543037436921
299 1794 -0.5376867652427254 -0.5376867652427254 -0.5376867652427254 -0.5376867652427254 0.6799361990343465 1.2400349854914277
300 1800 -0.5793004156288921 -0.5793004156288921 -0.5793004156288921 -0.5793004156288921 0.6799361990343465 1.2400349854914277
301 1806 -0.6419770488376163 -0.6419770488376163 -0.6419770488376163 -0.6419770488376163 0.5983501910774188 1.2813965228755757
302 1812 -0.639975511034002 -0.639975511034002 -0.639975511034002 -0.639975511034002 0.5983501910774188 1.2813965228755757
303 1818 -0.6994209862296705 -0.6994209862296705 -0.6994209862296705 -0.6994209862296705 0.5482508675509136 1.303618420485715
304 1824 -0.6915318850146753 -0.6915318850146753 -0.6915318850146753 -0.6915318850146753 0.5482508675509136 1.303618420485715
305 1830 -0.7753688868509989 -0.7753688868509989 -0.7753688868509989 -0.7753688868509989 0.4739526486359172 1.3324296930236128
306 1836 -0.7278520259184538 -0.7278520259184538 -0.7278520259184538 -0.7278520259184538 0.4739526486359172 1.3324296930236128
307 1842 -0.7487343607477541 -0.7487343607477541 -0.7487343607477541 -0.7487343607477541 0.5012640414514551 1.322397202336633
308 1848 -0.7770886163237832 -0.7770886163237832 -0.7770886163237832 -0.7770886163237832 0.5012640414514551 1.322397202336633
309 1854 -0.7984741012475446 -0.7984741012475446 -0.7984741012475446 -0.7984741012475446 0.4489163605310632 1.3410719970410032
310 1860 -0.7417168371415753 -0.7417168371415753 -0.7417168371415753 -0.7417168371415753 0.4489163605310632 1.3410719970410032
311 1866 -0.8000255930754833 -0.8000255930754833 -0.8000255930754833 -0.8000255930754833 0.4471849806562342 1.3416503244420594
312 1872 -0.8677747140000674 -0.8677747140000674 -0.8677747140000674 -0.8677747140000674 0.4471849806562342 1.3416503244420594
313 1878 -0.8650395029822225 -0.8650395029822225 -0.8650395029822225 -0.8650395029822225 0.367369700734529 1.3656644913675622
314 1884 -0.8611974570145217 -0.8611974570145217 -0.8611974570145217 -0.8611974570145217 0.367369700734529 1.3656644913675622
315 1890 -0.8472503169824372 -0.8472503169824372 -0.8472503169824372 -0.8472503169824372 0.39083203939488204 1.3591358714206747
316 1896 -0.8689832519176597 -0.8689832519176597 -0.8689832519176597 -0.8689832519176597 0.39083203939488204 1.3591358714206747
317 1902 -0.8898580104214683 -0.8898580104214683 -0.8898580104214683 -0.8898580104214683 0.3318764673467101 1.3747210664063705
318 1908 -0.8818496522988104 -0.8818496522988104 -0.8818496522988104 -0.8818496522988104 0.3318764673467101 1.3747210664063705
319 1914 -0.8687823911528669 -0.8687823911528669 -0.8687823911528669 -0.8687823911528669 0.3622397118582296 1.367034158736667
320 1920 -0.9002144662363677 -0.9002144662363677 -0.9002144662363677 -0.9002144662363677 0.3622397118582296 1.367034158736667
321 1926 -0.7896594298691645 -0.7896594298691645 -0.7896594298691645 -0.7896594298691645 0.45862901143607965 1.3377815329377083
322 1932 -0.7791118853892736 -0.7791118853892736 -0.7791118853892736 -0.7791118853892736 0.45862901143607965 1.3377815329377083
323 1938 -0.8240393093178023 -0.8240393093178023 -0.8240393093178023 -0.8240393093178023 0.4194766866968861 1.3505699942312515
324 1944 -0.8909559795699897 -0.8909559795699897 -0.8909559795699897 -0.8909559795699897 0.4194766866968861 1.3505699942312515
325 1950 -0.8439715681521243 -0.8439715681521243 -0.8439715681521243 -0.8439715681521243 0.39500434408734764 1.3579291469558066
326 1956 -0.8680228646860993 -0.8680228646860993 -0.8680228646860993 -0.8680228646860993 0.39500434408734764 1.3579291469558066
327 1962 -0.8716186984809856 -0.8716186984809856 -0.8716186984809856 -0.8716186984809856 0.35830336520749323 1.3680711598747286
328 1968 -0.8515537341189828 -0.8515537341189828 -0.8515537341189828 -0.8515537341189828 0.35830336520749323 1.3680711598747286
329 1974 -0.8029504565023612 -0.8029504565023612 -0.8029504565023612 -0.8029504565023612 0.44390262839685785 1.3427399064980385
330 1980 -0.7899477903808583 -0.7899477903808583 -0.7899477903808583 -0.7899477903808583 0.44390262839685785 1.3427399064980385
331 1986 -0.6835446961587555 -0.6835446961587555 -0.6835446961587555 -0.6835446961587555 0.5625436017245639 1.2975148153908516
332 1992 -0.7311449503909774 -0.7311449503909774 -0.7311449503909774 -0.7311449503909774 0.5625436017245639 1.2975148153908516
333 1998 -0.6985694307771445 -0.6985694307771445 -0.6985694307771445 -0.6985694307771445 0.5490269294149928 1.3032917673250086
334 2004 -0.6627685541214099 -0.6627685541214099 -0.6627685541214099 -0.6627685541214099 0.5490269294149928 1.3032917673250086
335 2010 -0.5423204773323251 -0.5423204773323251 -0.5423204773323251 -0.5423204773323251 0.6765201568820215 1.241901959629795
336 2016 -0.5526168503236027 -0.5526168503236027 -0.5526168503236027 -0.5526168503236027 0.6765201568820215 1.241901959629795
337 2022 -0.5338453177477213 -0.5338453177477213 -0.5338453177477213 -0.5338453177477213 0.6827552140059266 1.2384850898366606
338 2028 -0.5516313802003205 -0.5516313802003205 -0.5516313802003205 -0.5516313802003205 0.6827552140059266 1.2384850898366606
339 2034 -0.6720017608105318 -0.6720017608105318 -0.6720017608105318 -0.6720017608105318 0.5727113052747154 1.2930590708898537
340 2040 -0.701117269190686 -0.701117269190686 -0.701117269190686 -0.701117269190686 0.5727113052747154 1.2930590708898537
341 2046 -0.6437875793499019 -0.6437875793499019 -0.6437875793499019 -0.6437875793499019 0.59683533797028 1.2821027959371676
342 2052 -0.615538407753343 -0.615538407753343 -0.615538407753343 -0.615538407753343 0.59683533797028 1.2821027959371676
343 2058 -0.5133168766920273 -0.5133168766920273 -0.5133168766920273 -0.5133168766920273 0.6976267793799008 1.230169450397801
344 2064 -0.4821947502267895 -0.4821947502267895 -0.4821947502267895 -0.4821947502267895 0.6976267793799008 1.230169450397801
345 2070 -0.4319382158201915 -0.4319382158201915 -0.4319382158201915 -0.4319382158201915 0.7536987356894057 1.1966362086366062
346 2076 -0.4740484423779785 -0.4740484423779785 -0.4740484423779785 -0.4740484423779785 0.7536987356894057 1.1966362086366062
347 2082 -0.3154521875904424 -0.3154521875904424 -0.3154521875904424 -0.3154521875904424 0.8273740462508826 1.1469316403301648
348 2088 -0.16434980239506006 -0.16434980239506006 -0.16434980239506006 -0.16434980239506006 0.8273740462508826 1.1469316403301648
349 2094 -0.27358657028105754 -0.27358657028105754 -0.27358657028105754 -0.27358657028105754 0.8522989086693368 1.1285329283104935
350 2100 -0.1701911850484304 -0.1701911850484304 -0.1701911850484304 -0.1701911850484304 0.8522989086693368 1.1285329283104935
351 2106 0.2940356205124551 0.2940356205124551 0.2940356205124551 0.2940356205124551 0.8402168645579216 1.1375568647379588
352 2112 0.43503853824751765 0.43503853824751765 0.43503853824751765 0.43503853824751765 0.8402168645579216 1.1375568647379588
353 2118 0.41777236990711925 0.41777236990711925 0.41777236990711925 0.41777236990711925 0.7630384198013106 1.19070246909424
354 2124 0.5199859283233117 0.5199859283233117 0.5199859283233117 0.5199859283233117 0.7630384198013106 1.19070246909424
355 2130 0.4894217455721262 0.4894217455721262 0.4894217455721262 0.4894217455721262 0.7145475872381586 1.220418676345182
356 2136 0.5546062207383126 0.5546062207383126 0.5546062207383126 0.5546062207383126 0.7145475872381586 1.220418676345182
357 2142 0.451264156624675 0.451264156624675 0.451264156624675 0.451264156624675 0.7407670641809915 1.2046842559877153
358 2148 0.512499512076179 0.512499512076179 0.512499512076179 0.512499512076179 0.7407670641809915 1.2046842559877153
359 2154 0.5909346363060441 0.5909346363060441 0.5909346363060441 0.5909346363060441 0.6395821789996622 1.2613225742473826
360 2160 0.5514160127427762 0.5514160127427762 0.5514160127427762 0.5514160127427762 0.6395821789996622 1.2613225742473826
361 2166 0.595839685366918 0.595839685366918 0.595839685366918 0.595839685366918 0.6357360416344837 1.2632654849107996
362 2172 0.5381461026247137 0.5381461026247137 0.5381461026247137 0.5381461026247137 0.6357360416344837 1.2632654849107996
363 2178 0.539232273148112 0.539232273148112 0.539232273148112 0.539232273148112 0.6787987381042249 1.2406580000741994
364 2184 0.6069962398358016 0.6069962398358016 0.6069962398358016 0.6069962398358016 0.6787987381042249 1.2406580000741994
365 2190 0.6398077624008196 0.6398077624008196 0.6398077624008196 0.6398077624008196 0.6001601766188592 1.2805497891143551
366 2196 0.8079421410364502 0.8079421410364502 0.8079421410364502 0.8079421410364502 0.6001601766188592 1.2805497891143551
367 2202 0.8192499777172608 0.8192499777172608 0.8192499777172608 0.8192499777172608 0.42514705959554655 1.3487957509264554
368 2208 0.8090235660665313 0.8090235660665313 0.8090235660665313 0.8090235660665313 0.42514705959554655 1.3487957509264554
369 2214 0.8546664476677619 0.8546664476677619 0.8546664476677619 0.8546664476677619 0.38122637937613646 1.3618613907691788
370 2220 0.8839322135696767 0.8839322135696767 0.8839322135696767 0.8839322135696767 0.38122637937613646 1.3618613907691788
371 2226 0.8372708909215103 0.8372708909215103 0.8372708909215103 0.8372708909215103 0.40339696215823184 1.3554596603814923
372 2232 0.8894195215104663 0.8894195215104663 0.8894195215104663 0.8894195215104663 0.40339696215823184 1.3554596603814923
373 2238 0.9019934914883526 0.9019934914883526 0.9019934914883526 0.9019934914883526 0.3130599120162903 1.3791278009990056
374 2244 0.850769355956741 0.850769355956741 0.850769355956741 0.850769355956741 0.3130599120162903 1.3791278009990056
375 2250 0.8531466608443841 0.8531466608443841 0.8531466608443841 0.8531466608443841 0.383214481923134 1.361303294950976
376 2256 0.8822079344392126 0.8822079344392126 0.8822079344392126 0.8822079344392126 0.383214481923134 1.361303294950976
377 2262 0.8992649664385647 0.8992649664385647 0.8992649664385647 0.8992649664385647 0.31738782831330414 1.3781382247215135
378 2268 0.8940977360530914 0.8940977360530914 0.8940977360530914 0.8940977360530914 0.31738782831330414 1.3781382247215135
379 2274 0.9012230912975162 0.9012230912975162 0.9012230912975162 0.9012230912975162 0.31428793916166053 1.3788484656761657
380 2280 0.9067329676383179 0.9067329676383179 0.9067329676383179 0.9067329676383179 0.31428793916166053 1.3788484656761657
381 2286 0.9141456587615332 0.9141456587615332 0.9141456587615332 0.9141456587615332 0.29300911459964335 1.3835265298365382
382 2292 0.8925247676152037 0.8925247676152037 0.8925247676152037 0.8925247676152037 0.29300911459964335 1.3835265298365382
383 2298 0.9025775737868154 0.9025775737868154 0.9025775737868154 0.9025775737868154 0.31212565772967915 1.3793395426024788
384 2304 0.9443529550506238 0.9443529550506238 0.9443529550506238 0.9443529550506238 0.31212565772967915 1.3793395426024788
385 2310 0.9187065733594747 0.9187065733594747 0.9187065733594747 0.9187065733594747 0.28512002146556703 1.3851738422882072
386 2316 0.9146982282825913 0.9146982282825913 0.9146982282825913 0.9146982282825913 0.28512002146556703 1.3851738422882072
387 2322 0.9286673952451809 0.9286673952451809 0.9286673952451809 0.9286673952451809 0.2670816443614559 1.3887647011805784
388 2328 0.8813515637106187 0.8813515637106187 0.8813515637106187 0.8813515637106187 0.2670816443614559 1.3887647011805784
389 2334 0.8475303225435769 0.8475303225435769 0.8475303225435769 0.8475303225435769 0.39047365782652116 1.359238876189015
390 2340 0.8341207747700625 0.8341207747700625 0.8341207747700625 0.8341207747700625 0.39047365782652116 1.359238876189015
391 2346 0.8437399020856249 0.8437399020856249 0.8437399020856249 0.8437399020856249 0.39529748027830286 1.3578438430414688
392 2352 0.8271885880334859 0.8271885880334859 0.8271885880334859 0.8271885880334859 0.39529748027830286 1.3578438430414688
393 2358 0.8367029241649515 0.8367029241649515 0.8367029241649515 0.8367029241649515 0.4041003289222225 1.355250133431077
394 2364 0.7615172231608478 0.7615172231608478 0.7615172231608478 0.7615172231608478 0.4041003289222225 1.355250133431077
395 2370 0.7875072068758784 0.7875072068758784 0.7875072068758784 0.7875072068758784 0.46096940584394697 1.336976890928141
396 2376 0.8425423553034754 0.8425423553034754 0.8425423553034754 0.8425423553034754 0.46096940584394697 1.336976890928141
397 2382 0.8886138493911184 0.8886138493911184 0.8886138493911184 0.8886138493911184 0.3337456375877916 1.374268477915112
398 2388 0.8788642341544373 0.8788642341544373 0.8788642341544373 0.8788642341544373 0.3337456375877916 1.374268477915112
399 2394 0.9227927457893783 0.9227927457893783 0.9227927457893783 0.9227927457893783 0.277861933720007 1.3866480251993936
400 2400 0.9663369298414255 0.9663369298414255 0.9663369298414255 0.9663369298414255 0.277861933720007 1.3866480251993936
401 2406 0.9681688405321779 0.9681688405321779 0.9681688405321779 0.9681688405321779 0.17841289041944874 1.4029144095532622
402 2412 0.975952222522349 0.975952222522349 0.975952222522349 0.975952222522349 0.17841289041944874 1.4029144095532622
403 2418 0.9834881723238471 0.9834881723238471 0.9834881723238471 0.9834881723238471 0.1284983567060412 1.4083636505973331
404 2424 0.985558332739976 0.985558332739976 0.985558332739976 0.985558332739976 0.1284983567060412 1.4083636505973331
405 2430 0.9853741465785074 0.9853741465785074 0.9853741465785074 0.9853741465785074 0.12093739463661664 1.4090330537565494
406 2436 0.9860352084248636 0.9860352084248636 0.9860352084248636 0.9860352084248636 0.12093739463661664 1.4090330537565494
407 2442 0.9851508909706058 0.9851508909706058 0.9851508909706058 0.9851508909706058 0.12185692031802828 1.4089538285446424
408 2448 0.988975631496654 0.988975631496654 0.988975631496654 0.988975631496654 0.12185692031802828 1.4089538285446424
409 2454 0.9923475506869931 0.9923475506869931 0.9923475506869931 0.9923475506869931 0.08747827909262494 1.411505419999156
410 2460 0.9947786521602731 0.9947786521602731 0.9947786521602731 0.9947786521602731 0.08747827909262494 1.411505419999156
411 2466 0.994678395402486 0.994678395402486 0.994678395402486 0.994678395402486 0.07294932897233505 1.4123308378005792
412 2472 0.9934711919641724 0.9934711919641724 0.9934711919641724 0.9934711919641724 0.07294932897233505 1.4123308378005792
413 2478 0.9936291806106863 0.9936291806106863 0.9936291806106863 0.9936291806106863 0.07981741282022119 1.4119593409906273
414 2484 0.993497404545962 0.993497404545962 0.993497404545962 0.993497404545962 0.07981741282022119 1.4119593409906273
415 2490 0.9945023475032905 0.9945023475032905 0.9945023475032905 0.9945023475032905 0.0741461563178405 1.412268511120775
416 2496 0.993541405190803 0.993541405190803 0.993541405190803 0.993541405190803 0.0741461563178405 1.412268511120775
417 2502 0.9861863379540314 0.9861863379540314 0.9861863379540314 0.9861863379540314 0.11753153638904142 1.4093212330600968
418 2508 0.9879506345794867 0.9879506345794867 0.9879506345794867 0.9879506345794867 0.11753153638904142 1.4093212330600968
419 2514 0.9843018022247552 0.9843018022247552 0.9843018022247552 0.9843018022247552 0.12529244899531924 1.4086524774495501
420 2520 0.9681680022688354 0.9681680022688354 0.9681680022688354 0.9681680022688354 0.12529244899531924 1.4086524774495501
421 2526 0.9556709368110257 0.9556709368110257 0.9556709368110257 0.9556709368110257 0.2105446821674073 1.398453051343171
422 2532 0.909563785128177 0.909563785128177 0.909563785128177 0.909563785128177 0.2105446821674073 1.398453051343171
423 2538 0.9154972426140066 0.9154972426140066 0.9154972426140066 0.9154972426140066 0.290693579884375 1.3840148997080943
424 2544 0.9283326460051509 0.9283326460051509 0.9283326460051509 0.9283326460051509 0.290693579884375 1.3840148997080943
425 2550 0.9338771658671831 0.9338771658671831 0.9338771658671831 0.9338771658671831 0.2571436060508157 1.3906391213636926
426 2556 0.9426061020727285 0.9426061020727285 0.9426061020727285 0.9426061020727285 0.2571436060508157 1.3906391213636926
427 2562 0.9076725755785221 0.9076725755785221 0.9076725755785221 0.9076725755785221 0.30385428155857547 1.3811852068345225
428 2568 0.8702053957208055 0.8702053957208055 0.8702053957208055 0.8702053957208055 0.30385428155857547 1.3811852068345225
429 2574 0.8542924518812179 0.8542924518812179 0.8542924518812179 0.8542924518812179 0.3817165808800845 1.3617240733280798
430 2580 0.8722510463175353 0.8722510463175353 0.8722510463175353 0.8722510463175353 0.3817165808800845 1.3617240733280798
431 2586 0.9052824953679623 0.9052824953679623 0.9052824953679623 0.9052824953679623 0.3077620909599454 1.3803197076648448
432 2592 0.882575683240864 0.882575683240864 0.882575683240864 0.882575683240864 0.3077620909599454 1.3803197076648448
433 2598 0.9062434941856582 0.9062434941856582 0.9062434941856582 0.9062434941856582 0.30619684161392313 1.380667771111377
434 2604 0.7918271321831672 0.7918271321831672 0.7918271321831672 0.7918271321831672 0.30619684161392313 1.380667771111377
435 2610 0.771025722728037 0.771025722728037 0.771025722728037 0.771025722728037 0.47851256751726273 1.3307989039400494
436 2616 0.8477840018872377 0.8477840018872377 0.8477840018872377 0.8477840018872377 0.47851256751726273 1.3307989039400494
437 2622 0.8002716158178778 0.8002716158178778 0.8002716158178778 0.8002716158178778 0.44690981660970763 1.341742007920255
438 2628 0.7379016839236532 0.7379016839236532 0.7379016839236532 0.7379016839236532 0.44690981660970763 1.341742007920255
439 2634 0.65290918504692 0.65290918504692 0.65290918504692 0.65290918504692 0.5891441376718266 1.2856551579046849
440 2640 0.8695036888440889 0.8695036888440889 0.8695036888440889 0.8695036888440889 0.5891441376718266 1.2856551579046849
441 2646 0.9013437706930667 0.9013437706930667 0.9013437706930667 0.9013437706930667 0.31409589189757503 1.3788922259165386
442 2652 0.9236982769588391 0.9236982769588391 0.9236982769588391 0.9236982769588391 0.31409589189757503 1.3788922259165386
443 2658 0.8795330624707461 0.8795330624707461 0.8795330624707461 0.8795330624707461 0.34708347343146967 1.3709606349092398
444 2664 0.8946114807703747 0.8946114807703747 0.8946114807703747 0.8946114807703747 0.34708347343146967 1.3709606349092398
445 2670 0.8129919070804925 0.8129919070804925 0.8129919070804925 0.8129919070804925 0.43244432349090633 1.3464738790932755
446 2676 0.8229290277559226 0.8229290277559226 0.8229290277559226 0.8229290277559226 0.43244432349090633 1.3464738790932755
447 2682 0.6975738740963956 0.6975738740963956 0.6975738740963956 0.6975738740963956 0.5499328376298367 1.3029097720473186
448 2688 0.7681015916973992 0.7681015916973992 0.7681015916973992 0.7681015916973992 0.5499328376298367 1.3029097720473186
449 2694 0.8238201843903055 0.8238201843903055 0.8238201843903055 0.8238201843903055 0.4197377938781481 1.350488868665827
450 2700 0.910860972567991 0.910860972567991 0.910860972567991 0.910860972567991 0.4197377938781481 1.350488868665827
451 2706 0.8952505485428246 0.8952505485428246 0.8952505485428246 0.8952505485428246 0.32365019922313565 1.3766809901145671
452 2712 0.8810719211641018 0.8810719211641018 0.8810719211641018 0.8810719211641018 0.32365019922313565 1.3766809901145671
453 2718 0.9362553553030153 0.9362553553030153 0.9362553553030153 0.9362553553030153 0.25247701815607854 1.3914939293087178
454 2724 0.9505808383642749 0.9505808383642749 0.9505808383642749 0.9505808383642749 0.25247701815607854 1.3914939293087178
455 2730 0.957672482112295 0.957672482112295 0.957672482112295 0.957672482112295 0.2057365254098185 1.3991684966837608
456 2736 0.9566321220006179 0.9566321220006179 0.9566321220006179 0.9566321220006179 0.2057365254098185 1.3991684966837608
457 2742 0.9619634700431217 0.9619634700431217 0.9619634700431217 0.9619634700431217 0.1950295617512333 1.4007010637688264
458 2748 0.9541506119124543 0.9541506119124543 0.9541506119124543 0.9541506119124543 0.1950295617512333 1.4007010637688264
459 2754 0.9481068477155995 0.9481068477155995 0.9481068477155995 0.9481068477155995 0.22780068543443924 1.3957459825181657
460 2760 0.9321461822744959 0.9321461822744959 0.9321461822744959 0.9321461822744959 0.22780068543443924 1.3957459825181657
461 2766 0.9496949438476502 0.9496949438476502 0.9496949438476502 0.9496949438476502 0.22428788677133168 1.396314772480636
462 2772 0.9774649546481742 0.9774649546481742 0.9774649546481742 0.9774649546481742 0.22428788677133168 1.396314772480636
463 2778 0.9783462217861301 0.9783462217861301 0.9783462217861301 0.9783462217861301 0.14715222802890224 1.4065369606896685
464 2784 0.9803653709861665 0.9803653709861665 0.9803653709861665 0.9803653709861665 0.14715222802890224 1.4065369606896685
465 2790 0.9859991108133843 0.9859991108133843 0.9859991108133843 0.9859991108133843 0.11832535310158909 1.4092548069151243
466 2796 0.9866796649638698 0.9866796649638698 0.9866796649638698 0.9866796649638698 0.11832535310158909 1.4092548069151243
467 2802 0.9878481730758716 0.9878481730758716 0.9878481730758716 0.9878481730758716 0.11023532520988137 1.4099106968442616
468 2808 0.9867454679598259 0.9867454679598259 0.9867454679598259 0.9867454679598259 0.11023532520988137 1.4099106968442616
469 2814 0.983468708964819 0.983468708964819 0.983468708964819 0.983468708964819 0.1285740682843204 1.4083567406608382
470 2820 0.986997452722219 0.986997452722219 0.986997452722219 0.986997452722219 0.1285740682843204 1.4083567406608382
471 2826 0.9870365635364826 0.9870365635364826 0.9870365635364826 0.9870365635364826 0.11385708789318934 1.409622844429134
472 2832 0.987283239373316 0.987283239373316 0.987283239373316 0.987283239373316 0.11385708789318934 1.409622844429134
473 2838 0.9795703957923214 0.9795703957923214 0.9795703957923214 0.9795703957923214 0.14293216645555498 1.4069720664577252
474 2844 0.9829804383164593 0.9829804383164593 0.9829804383164593 0.9829804383164593 0.14293216645555498 1.4069720664577252
475 2850 0.981325347482231 0.981325347482231 0.981325347482231 0.981325347482231 0.13665523231025245 1.407595590886186
476 2856 0.969847662349816 0.969847662349816 0.969847662349816 0.969847662349816 0.13665523231025245 1.407595590886186
477 2862 0.9756508563792439 0.9756508563792439 0.9756508563792439 0.9756508563792439 0.1560421213030517 1.405578477488626
478 2868 0.9876628177448753 0.9876628177448753 0.9876628177448753 0.9876628177448753 0.1560421213030517 1.405578477488626
479 2874 0.9800787243237228 0.9800787243237228 0.9800787243237228 0.9800787243237228 0.1411427492869443 1.4071527011393337
480 2880 0.9732841661650979 0.9732841661650979 0.9732841661650979 0.9732841661650979 0.1411427492869443 1.4071527011393337
481 2886 0.990587974200978 0.990587974200978 0.990587974200978 0.990587974200978 0.09701559564844175 1.4108819845050748
482 2892 0.9887056893830631 0.9887056893830631 0.9887056893830631 0.9887056893830631 0.09701559564844175 1.4108819845050748
483 2898 0.9905861461323894 0.9905861461323894 0.9905861461323894 0.9905861461323894 0.0970250167101807 1.4108813366588948
484 2904 0.9866238072914937 0.9866238072914937 0.9866238072914937 0.9866238072914937 0.0970250167101807 1.4108813366588948
485 2910 0.9892594146452428 0.9892594146452428 0.9892594146452428 0.9892594146452428 0.1036367953709354 1.4104110800207301
486 2916 0.988041323540185 0.988041323540185 0.988041323540185 0.988041323540185 0.1036367953709354 1.4104110800207301
487 2922 0.9912105381691735 0.9912105381691735 0.9912105381691735 0.9912105381691735 0.0937521297402166 1.4111025966134332
488 2928 0.9949325598578654 0.9949325598578654 0.9949325598578654 0.9949325598578654 0.0937521297402166 1.4111025966134332
489 2934 0.9955983148680606 0.9955983148680606 0.9955983148680606 0.9955983148680606 0.06634519675108032 1.4126564744721417
490 2940 0.9950500918590568 0.9950500918590568 0.9950500918590568 0.9950500918590568 0.06634519675108032 1.4126564744721417
491 2946 0.9963506038871868 0.9963506038871868 0.9963506038871868 0.9963506038871868 0.06041023185531761 1.4129227168841143
492 2952 0.9957810688907752 0.9957810688907752 0.9957810688907752 0.9957810688907752 0.06041023185531761 1.4129227168841143
493 2958 0.9958461958078155 0.9958461958078155 0.9958461958078155 0.9958461958078155 0.06445001312788441 1.4127442074939878
494 2964 0.9938175982703341 0.9938175982703341 0.9938175982703341 0.9938175982703341 0.06445001312788441 1.4127442074939878
495 2970 0.9894846540887309 0.9894846540887309 0.9894846540887309 0.9894846540887309 0.10254436069949983 1.4104909266240357
496 2976 0.9919410893514199 0.9919410893514199 0.9919410893514199 0.9919410893514199 0.10254436069949983 1.4104909266240357
497 2982 0.9900055591233373 0.9900055591233373 0.9900055591233373 0.9900055591233373 0.09997220051925859 1.4106755683442376
498 2988 0.9906456578954483 0.9906456578954483 0.9906456578954483 0.9906456578954483 0.09997220051925859 1.4106755683442376
499 2994 0.9843602738486394 0.9843602738486394 0.9843602738486394 0.9843602738486394 0.12505889073296939 1.408673231749876
500 3000 0.9862294754245401 0.9862294754245401 0.9862294754245401 0.9862294754245401 0.12505889073296939 1.408673231749876
501 3006 0.9852855207079569 0.9852855207079569 0.9852855207079569 0.9852855207079569 0.12130325342728059 1.4090016042247635
502 3012 0.9902821112679034 0.9902821112679034 0.9902821112679034 0.9902821112679034 0.12130325342728059 1.4090016042247635
503 3018 0.9935078749062592 0.9935078749062592 0.9935078749062592 0.9935078749062592 0.0805737245864975 1.4119163838224482
504 3024 0.9933582244975405 0.9933582244975405 0.9933582244975405 0.9933582244975405 0.0805737245864975 1.4119163838224482
505 3030 0.9925502573607154 0.9925502573607154 0.9925502573607154 0.9925502573607154 0.0863118916446891 1.411577223307572
506 3036 0.9894392305408097 0.9894392305408097 0.9894392305408097 0.9894392305408097 0.0863118916446891 1.411577223307572
507 3042 0.9838505509616821 0.9838505509616821 0.9838505509616821 0.9838505509616821 0.12708048252315493 1.4084922970899352
508 3048 0.9852768034415728 0.9852768034415728 0.9852768034415728 0.9852768034415728 0.12708048252315493 1.4084922970899352
509 3054 0.9835482609586192 0.9835482609586192 0.9835482609586192 0.9835482609586192 0.1282643326937803 1.408384983219652
510 3060 0.9835570292056818 0.9835570292056818 0.9835570292056818 0.9835570292056818 0.1282643326937803 1.408384983219652
511 3066 0.9862220769815272 0.9862220769815272 0.9862220769815272 0.9862220769815272 0.1173793977598822 1.409333912520921
512 3072 0.9907142214661909 0.9907142214661909 0.9907142214661909 0.9907142214661909 0.1173793977598822 1.409333912520921
513 3078 0.9950462161711291 0.9950462161711291 0.9950462161711291 0.9950462161711291 0.07038312176133497 1.412461049435038
514 3084 0.9965270386293144 0.9965270386293144 0.9965270386293144 0.9965270386293144 0.07038312176133497 1.412461049435038
515 3090 0.9943239011980026 0.9943239011980026 0.9943239011980026 0.9943239011980026 0.07533988851861674 1.4122053325200281
515 3090 0.9943239011980026 0.9943239011980026 0.9943239011980026 0.9943239011980026 0.07533988851861674 1.4122053325200281
