% # columns="iteration, evaluation, min max(neg(.)) min(pos(.)) max correlation, correlation matrix principal axes lengths  (sorted square roots of eigenvalues of correlation matrix)", seed=42, Mon Apr 28 17:03:23 2025
1 6 -0.030413461788827808 -0.030413461788827808 -0.030413461788827808 -0.030413461788827808 0.9846758543861894 1.015092834074218
2 12 -0.030413461788827808 -0.030413461788827808 -0.030413461788827808 -0.030413461788827808 0.9846758543861894 1.015092834074218
3 18 0.01816925557142038 0.01816925557142038 0.01816925557142038 0.01816925557142038 0.9908737277920833 1.0090437332303392
4 24 0.01816925557142038 0.01816925557142038 0.01816925557142038 0.01816925557142038 0.9908737277920833 1.0090437332303392
5 30 -0.2085665036330403 -0.2085665036330403 -0.2085665036330403 -0.2085665036330403 0.8896254809564301 1.099348217642181
6 36 -0.2085665036330403 -0.2085665036330403 -0.2085665036330403 -0.2085665036330403 0.8896254809564301 1.099348217642181
7 42 -0.16973230527049213 -0.16973230527049213 -0.16973230527049213 -0.16973230527049213 0.9111902626397563 1.0815416336278934
8 48 -0.16973230527049213 -0.16973230527049213 -0.16973230527049213 -0.16973230527049213 0.9111902626397563 1.0815416336278934
9 54 -0.3983728884860575 -0.3983728884860575 -0.3983728884860575 -0.3983728884860575 0.7756462541093991 1.182528176614011
10 60 -0.3983728884860575 -0.3983728884860575 -0.3983728884860575 -0.3983728884860575 0.7756462541093991 1.182528176614011
11 66 -0.3929865938667937 -0.3929865938667937 -0.3929865938667937 -0.3929865938667937 0.7791106507635523 1.1802485305505759
12 72 -0.3929865938667937 -0.3929865938667937 -0.3929865938667937 -0.3929865938667937 0.7791106507635523 1.1802485305505759
13 78 -0.40063688733419944 -0.40063688733419944 -0.40063688733419944 -0.40063688733419944 0.7741854510811996 1.1834850600384441
14 84 -0.40063688733419944 -0.40063688733419944 -0.40063688733419944 -0.40063688733419944 0.7741854510811996 1.1834850600384441
15 90 -0.11447036870941875 -0.11447036870941875 -0.11447036870941875 -0.11447036870941875 0.9410258398633807 1.0556847866240275
16 96 -0.11447036870941875 -0.11447036870941875 -0.11447036870941875 -0.11447036870941875 0.9410258398633807 1.0556847866240275
17 102 -0.22703374783091362 -0.22703374783091362 -0.22703374783091362 -0.22703374783091362 0.8791849931436991 1.1077155536647996
18 108 -0.22703374783091362 -0.22703374783091362 -0.22703374783091362 -0.22703374783091362 0.8791849931436991 1.1077155536647996
19 114 -0.028163851818777955 -0.028163851818777955 -0.028163851818777955 -0.028163851818777955 0.9858175024725532 1.0139841477157214
20 120 -0.028163851818777955 -0.028163851818777955 -0.028163851818777955 -0.028163851818777955 0.9858175024725532 1.0139841477157214
21 126 0.17033147611490596 0.17033147611490596 0.17033147611490596 0.17033147611490596 0.9108614185951088 1.0818185966764047
22 132 0.17033147611490596 0.17033147611490596 0.17033147611490596 0.17033147611490596 0.9108614185951088 1.0818185966764047
23 138 0.28073439195272487 0.28073439195272487 0.28073439195272487 0.28073439195272487 0.8480952824106943 1.1316953618146204
24 144 0.28073439195272487 0.28073439195272487 0.28073439195272487 0.28073439195272487 0.8480952824106943 1.1316953618146204
25 150 0.29887372358727876 0.29887372358727876 0.29887372358727876 0.29887372358727876 0.8373328349065988 1.139681413197249
26 156 0.29887372358727876 0.29887372358727876 0.29887372358727876 0.29887372358727876 0.8373328349065988 1.139681413197249
27 162 0.21833273517679228 0.21833273517679228 0.21833273517679228 0.21833273517679228 0.8841194856031664 1.103781108361976
28 168 0.21833273517679228 0.21833273517679228 0.21833273517679228 0.21833273517679228 0.8841194856031664 1.103781108361976
29 174 0.1146905453170199 0.1146905453170199 0.1146905453170199 0.1146905453170199 0.9409088450445029 1.0557890628894675
30 180 0.1146905453170199 0.1146905453170199 0.1146905453170199 0.1146905453170199 0.9409088450445029 1.0557890628894675
31 186 0.18934672909369712 0.18934672909369712 0.18934672909369712 0.18934672909369712 0.9003628551346966 1.090571744129517
32 192 0.18934672909369712 0.18934672909369712 0.18934672909369712 0.18934672909369712 0.9003628551346966 1.090571744129517
33 198 0.294215395625648 0.294215395625648 0.294215395625648 0.294215395625648 0.8401098763699614 1.1376358800713204
34 204 0.294215395625648 0.294215395625648 0.294215395625648 0.294215395625648 0.8401098763699614 1.1376358800713204
35 210 0.4242600164660364 0.4242600164660364 0.4242600164660364 0.4242600164660364 0.758775318216113 1.1934236533880316
36 216 0.4242600164660364 0.4242600164660364 0.4242600164660364 0.4242600164660364 0.758775318216113 1.1934236533880316
37 222 0.07796719215741922 0.07796719215741922 0.07796719215741922 0.07796719215741922 0.9602253942916635 1.038251988756785
38 228 0.07796719215741922 0.07796719215741922 0.07796719215741922 0.07796719215741922 0.9602253942916635 1.038251988756785
39 234 0.31969348746330034 0.31969348746330034 0.31969348746330034 0.31969348746330034 0.8248069547092215 1.1487791291032843
40 240 0.31969348746330034 0.31969348746330034 0.31969348746330034 0.31969348746330034 0.8248069547092215 1.1487791291032843
41 246 -0.12414815116298601 -0.12414815116298601 -0.12414815116298601 -0.12414815116298601 0.9358695682823615 1.0602585303420038
42 252 -0.12414815116298601 -0.12414815116298601 -0.12414815116298601 -0.12414815116298601 0.9358695682823615 1.0602585303420038
43 258 0.007128335393140699 0.007128335393140699 0.007128335393140699 0.007128335393140699 0.9964294579180503 1.0035578385888582
44 264 0.007128335393140699 0.007128335393140699 0.007128335393140699 0.007128335393140699 0.9964294579180503 1.0035578385888582
45 270 -0.09377748412465113 -0.09377748412465113 -0.09377748412465113 -0.09377748412465113 0.9519572027540675 1.0458381730098836
46 276 -0.09377748412465113 -0.09377748412465113 -0.09377748412465113 -0.09377748412465113 0.9519572027540675 1.0458381730098836
47 282 0.16154168338780783 0.16154168338780783 0.16154168338780783 0.16154168338780783 0.9156736954899339 1.0777484323290885
48 288 0.16154168338780783 0.16154168338780783 0.16154168338780783 0.16154168338780783 0.9156736954899339 1.0777484323290885
49 294 0.24152583891100096 0.24152583891100096 0.24152583891100096 0.24152583891100096 0.8709042203876377 1.1142377838284792
50 300 0.24152583891100096 0.24152583891100096 0.24152583891100096 0.24152583891100096 0.8709042203876377 1.1142377838284792
51 306 0.5841766892733724 0.5841766892733724 0.5841766892733724 0.5841766892733724 0.644843632772029 1.2586408102685105
52 312 0.5841766892733724 0.5841766892733724 0.5841766892733724 0.5841766892733724 0.644843632772029 1.2586408102685105
53 318 0.6496419202548811 0.6496419202548811 0.6496419202548811 0.6496419202548811 0.5919105335649291 1.2843838679518211
54 324 0.6496419202548811 0.6496419202548811 0.6496419202548811 0.6496419202548811 0.5919105335649291 1.2843838679518211
55 330 0.5935692796388495 0.5935692796388495 0.5935692796388495 0.5935692796388495 0.637519192151225 1.2623665393374657
56 336 0.5935692796388495 0.5935692796388495 0.5935692796388495 0.5935692796388495 0.637519192151225 1.2623665393374657
57 342 0.6507439653601853 0.6507439653601853 0.6507439653601853 0.6507439653601853 0.5909788783364551 1.284812813354609
58 348 0.6507439653601853 0.6507439653601853 0.6507439653601853 0.6507439653601853 0.5909788783364551 1.284812813354609
59 354 0.6824726085091197 0.6824726085091197 0.6824726085091197 0.6824726085091197 0.5634956889727554 1.297101618420515
60 360 0.6824726085091197 0.6824726085091197 0.6824726085091197 0.6824726085091197 0.5634956889727554 1.297101618420515
61 366 0.6821434834841889 0.6821434834841889 0.6821434834841889 0.6821434834841889 0.5637876519717431 1.2969747428088911
62 372 0.6821434834841889 0.6821434834841889 0.6821434834841889 0.6821434834841889 0.5637876519717431 1.2969747428088911
63 378 0.612153089788319 0.612153089788319 0.612153089788319 0.612153089788319 0.6227735625503712 1.2697059068100451
64 384 0.612153089788319 0.612153089788319 0.612153089788319 0.612153089788319 0.6227735625503712 1.2697059068100451
65 390 0.7262577295501937 0.7262577295501937 0.7262577295501937 0.7262577295501937 0.5232038517153771 1.313871275867691
66 396 0.7262577295501937 0.7262577295501937 0.7262577295501937 0.7262577295501937 0.5232038517153771 1.313871275867691
67 402 0.6584366774570541 0.6584366774570541 0.6584366774570541 0.6584366774570541 0.5844341900872552 1.2878030429600071
68 408 0.6584366774570541 0.6584366774570541 0.6584366774570541 0.6584366774570541 0.5844341900872552 1.2878030429600071
69 414 0.6779279860170293 0.6779279860170293 0.6779279860170293 0.6779279860170293 0.5675138888018256 1.2953485963311302
70 420 0.6779279860170293 0.6779279860170293 0.6779279860170293 0.6779279860170293 0.5675138888018256 1.2953485963311302
71 426 0.578169149495727 0.578169149495727 0.578169149495727 0.578169149495727 0.6494850656514537 1.2562520246732847
72 432 0.578169149495727 0.578169149495727 0.578169149495727 0.578169149495727 0.6494850656514537 1.2562520246732847
73 438 0.6512956842828724 0.6512956842828724 0.6512956842828724 0.6512956842828724 0.5905119098859292 1.2850275033176808
74 444 0.6512956842828724 0.6512956842828724 0.6512956842828724 0.6512956842828724 0.5905119098859292 1.2850275033176808
75 450 0.706580599037456 0.706580599037456 0.706580599037456 0.706580599037456 0.5416820109275773 1.3063615881667128
76 456 0.706580599037456 0.706580599037456 0.706580599037456 0.706580599037456 0.5416820109275773 1.3063615881667128
77 462 0.62865141086787 0.62865141086787 0.62865141086787 0.62865141086787 0.6093837781990344 1.2761862759283498
78 468 0.62865141086787 0.62865141086787 0.62865141086787 0.62865141086787 0.6093837781990344 1.2761862759283498
79 474 0.6750142576226353 0.6750142576226353 0.6750142576226353 0.6750142576226353 0.5700752076501526 1.2942234187429291
80 480 0.6750142576226353 0.6750142576226353 0.6750142576226353 0.6750142576226353 0.5700752076501526 1.2942234187429291
81 486 0.7969204529252069 0.7969204529252069 0.7969204529252069 0.7969204529252069 0.4506434811187146 1.3404926157667587
82 492 0.7969204529252069 0.7969204529252069 0.7969204529252069 0.7969204529252069 0.4506434811187146 1.3404926157667587
83 498 0.565874713651309 0.565874713651309 0.565874713651309 0.565874713651309 0.6588818455145742 1.2513491573702797
84 504 0.565874713651309 0.565874713651309 0.565874713651309 0.565874713651309 0.6588818455145742 1.2513491573702797
85 510 0.7813240512880166 0.7813240512880166 0.7813240512880166 0.7813240512880166 0.4676280024891404 1.3346625233698655
86 516 0.7813240512880166 0.7813240512880166 0.7813240512880166 0.7813240512880166 0.4676280024891404 1.3346625233698655
87 522 0.6493812220403091 0.6493812220403091 0.6493812220403091 0.6493812220403091 0.5921307101980869 1.2842823762865818
88 528 0.6493812220403091 0.6493812220403091 0.6493812220403091 0.6493812220403091 0.5921307101980869 1.2842823762865818
89 534 0.8243104470420147 0.8243104470420147 0.8243104470420147 0.8243104470420147 0.419153376412484 1.3506703694987963
90 540 0.8243104470420147 0.8243104470420147 0.8243104470420147 0.8243104470420147 0.419153376412484 1.3506703694987963
91 546 0.8915709149965009 0.8915709149965009 0.8915709149965009 0.8915709149965009 0.3292857194041356 1.3753439260768563
92 552 0.8915709149965009 0.8915709149965009 0.8915709149965009 0.8915709149965009 0.3292857194041356 1.3753439260768563
93 558 0.8672746160767458 0.8672746160767458 0.8672746160767458 0.8672746160767458 0.36431495155051496 1.3664825707182457
94 564 0.8672746160767458 0.8672746160767458 0.8672746160767458 0.8672746160767458 0.36431495155051496 1.3664825707182457
95 570 0.9437261299899827 0.9437261299899827 0.9437261299899827 0.9437261299899827 0.2372211415747279 1.3941757887691144
96 576 0.9437261299899827 0.9437261299899827 0.9437261299899827 0.9437261299899827 0.2372211415747279 1.3941757887691144
97 582 0.9035466934946155 0.9035466934946155 0.9035466934946155 0.9035466934946155 0.31056932640778395 1.3796907963361267
98 588 0.9035466934946155 0.9035466934946155 0.9035466934946155 0.9035466934946155 0.31056932640778395 1.3796907963361267
99 594 0.8439924689817777 0.8439924689817777 0.8439924689817777 0.8439924689817777 0.39497788674585604 1.357936842780907
100 600 0.8439924689817777 0.8439924689817777 0.8439924689817777 0.8439924689817777 0.39497788674585604 1.357936842780907
101 606 0.8769042655991967 0.8769042655991967 0.8769042655991967 0.8769042655991967 0.35085001695995877 1.3700015567871433
102 612 0.8769042655991967 0.8769042655991967 0.8769042655991967 0.8769042655991967 0.35085001695995877 1.3700015567871433
103 618 0.8573343618953029 0.8573343618953029 0.8573343618953029 0.8573343618953029 0.37771105107568287 1.3628405489620945
104 624 0.8573343618953029 0.8573343618953029 0.8573343618953029 0.8573343618953029 0.37771105107568287 1.3628405489620945
105 630 0.8598232706088917 0.8598232706088917 0.8598232706088917 0.8598232706088917 0.374401828776394 1.3637533760210794
106 636 0.8598232706088917 0.8598232706088917 0.8598232706088917 0.8598232706088917 0.374401828776394 1.3637533760210794
107 642 0.9142666485901307 0.9142666485901307 0.9142666485901307 0.9142666485901307 0.292802580948101 1.3835702543022999
108 648 0.9142666485901307 0.9142666485901307 0.9142666485901307 0.9142666485901307 0.292802580948101 1.3835702543022999
109 654 0.9257838914546718 0.9257838914546718 0.9257838914546718 0.9257838914546718 0.27242633599806054 1.3877261586691634
110 660 0.9257838914546718 0.9257838914546718 0.9257838914546718 0.9257838914546718 0.27242633599806054 1.3877261586691634
111 666 0.9550700037946002 0.9550700037946002 0.9550700037946002 0.9550700037946002 0.2119669696094183 1.398238178492706
112 672 0.9550700037946002 0.9550700037946002 0.9550700037946002 0.9550700037946002 0.2119669696094183 1.398238178492706
113 678 0.9512401031742291 0.9512401031742291 0.9512401031742291 0.9512401031742291 0.22081643241790447 1.3968679619685709
114 684 0.9512401031742291 0.9512401031742291 0.9512401031742291 0.9512401031742291 0.22081643241790447 1.3968679619685709
115 690 0.9850965627522964 0.9850965627522964 0.9850965627522964 0.9850965627522964 0.1220796348606262 1.4089345487822693
116 696 0.9850965627522964 0.9850965627522964 0.9850965627522964 0.9850965627522964 0.1220796348606262 1.4089345487822693
117 702 0.9768425622180206 0.9768425622180206 0.9768425622180206 0.9768425622180206 0.15217568065226283 1.4060023336460081
118 708 0.9768425622180206 0.9768425622180206 0.9768425622180206 0.9768425622180206 0.15217568065226283 1.4060023336460081
119 714 0.9542487173394247 0.9542487173394247 0.9542487173394247 0.9542487173394247 0.21389549471780642 1.397944461464555
120 720 0.9542487173394247 0.9542487173394247 0.9542487173394247 0.9542487173394247 0.21389549471780642 1.397944461464555
121 726 0.9741252458935977 0.9741252458935977 0.9741252458935977 0.9741252458935977 0.16085631509643145 1.4050356742423296
122 732 0.9741252458935977 0.9741252458935977 0.9741252458935977 0.9741252458935977 0.16085631509643145 1.4050356742423296
123 738 0.9802651763191885 0.9802651763191885 0.9802651763191885 0.9802651763191885 0.1404806879283109 1.4072189510943875
124 744 0.9802651763191885 0.9802651763191885 0.9802651763191885 0.9802651763191885 0.1404806879283109 1.4072189510943875
125 750 0.9859994296279834 0.9859994296279834 0.9859994296279834 0.9859994296279834 0.11832400589912695 1.409254920029724
126 756 0.9859994296279834 0.9859994296279834 0.9859994296279834 0.9859994296279834 0.11832400589912695 1.409254920029724
127 762 0.9830115975159163 0.9830115975159163 0.9830115975159163 0.9830115975159163 0.13033956607294572 1.4081944459185727
128 768 0.9830115975159163 0.9830115975159163 0.9830115975159163 0.9830115975159163 0.13033956607294572 1.4081944459185727
129 774 0.9877187305602111 0.9877187305602111 0.9877187305602111 0.9877187305602111 0.11082088900468665 1.4098647915882612
130 780 0.9877187305602111 0.9877187305602111 0.9877187305602111 0.9877187305602111 0.11082088900468665 1.4098647915882612
131 786 0.9918242526757012 0.9918242526757012 0.9918242526757012 0.9918242526757012 0.09041983921849624 1.4113200390682834
132 792 0.9918242526757012 0.9918242526757012 0.9918242526757012 0.9918242526757012 0.09041983921849624 1.4113200390682834
133 798 0.994758422255216 0.994758422255216 0.994758422255216 0.994758422255216 0.07239874132043977 1.4123591689988833
134 804 0.994758422255216 0.994758422255216 0.994758422255216 0.994758422255216 0.07239874132043977 1.4123591689988833
135 810 0.9936350195034714 0.9936350195034714 0.9936350195034714 0.9936350195034714 0.07978082787567696 1.4119614086452474
136 816 0.9936350195034714 0.9936350195034714 0.9936350195034714 0.9936350195034714 0.07978082787567696 1.4119614086452474
137 822 0.989121310232176 0.989121310232176 0.989121310232176 0.989121310232176 0.10430095765535437 1.4103621202486176
138 828 0.989121310232176 0.989121310232176 0.989121310232176 0.989121310232176 0.10430095765535437 1.4103621202486176
139 834 0.9937149121232817 0.9937149121232817 0.9937149121232817 0.9937149121232817 0.07927854613146294 1.4119896997227994
140 840 0.9937149121232817 0.9937149121232817 0.9937149121232817 0.9937149121232817 0.07927854613146294 1.4119896997227994
141 846 0.9962644569931706 0.9962644569931706 0.9962644569931706 0.9962644569931706 0.061119088727087094 1.4128922312027803
142 852 0.9962644569931706 0.9962644569931706 0.9962644569931706 0.9962644569931706 0.061119088727087094 1.4128922312027803
143 858 0.9982310075596428 0.9982310075596428 0.9982310075596428 0.9982310075596428 0.04205939182105596 1.4135879907383349
144 864 0.9982310075596428 0.9982310075596428 0.9982310075596428 0.9982310075596428 0.04205939182105596 1.4135879907383349
145 870 0.9984706624997427 0.9984706624997427 0.9984706624997427 0.9984706624997427 0.039106744945816355 1.4136727565104106
146 876 0.9984706624997427 0.9984706624997427 0.9984706624997427 0.9984706624997427 0.039106744945816355 1.4136727565104106
147 882 0.999215945032054 0.999215945032054 0.999215945032054 0.999215945032054 0.028000981553256542 1.4139363299074164
148 888 0.999215945032054 0.999215945032054 0.999215945032054 0.999215945032054 0.028000981553256542 1.4139363299074164
149 894 0.9989824418972484 0.9989824418972484 0.9989824418972484 0.9989824418972484 0.031899186553134395 1.413853755484367
150 900 0.9989824418972484 0.9989824418972484 0.9989824418972484 0.9989824418972484 0.031899186553134395 1.413853755484367
151 906 0.998398994778116 0.998398994778116 0.998398994778116 0.998398994778116 0.040012563300595556 1.4136474082238881
152 912 0.998398994778116 0.998398994778116 0.998398994778116 0.998398994778116 0.040012563300595556 1.4136474082238881
153 918 0.9978900615440583 0.9978900615440583 0.9978900615440583 0.9978900615440583 0.04593406639893613 1.4134673896288017
154 924 0.9978900615440583 0.9978900615440583 0.9978900615440583 0.9978900615440583 0.04593406639893613 1.4134673896288017
155 930 0.9946076788791474 0.9946076788791474 0.9946076788791474 0.9946076788791474 0.07343242554112156 1.4123058021827806
156 936 0.9946076788791474 0.9946076788791474 0.9946076788791474 0.9946076788791474 0.07343242554112156 1.4123058021827806
157 942 0.994092574158321 0.994092574158321 0.994092574158321 0.994092574158321 0.07685978039052041 1.4121234273810208
158 948 0.994092574158321 0.994092574158321 0.994092574158321 0.994092574158321 0.07685978039052041 1.4121234273810208
159 954 0.9959582465841826 0.9959582465841826 0.9959582465841826 0.9959582465841826 0.06357478600685595 1.4127838640726977
160 960 0.9959582465841826 0.9959582465841826 0.9959582465841826 0.9959582465841826 0.06357478600685595 1.4127838640726977
161 966 0.9920521774973673 0.9920521774973673 0.9920521774973673 0.9920521774973673 0.08915056086549743 1.4114007855663704
162 972 0.9920521774973673 0.9920521774973673 0.9920521774973673 0.9920521774973673 0.08915056086549743 1.4114007855663704
163 978 0.9946296640239909 0.9946296640239909 0.9946296640239909 0.9946296640239909 0.07328257621023491 1.412313585583595
164 984 0.9946296640239909 0.9946296640239909 0.9946296640239909 0.9946296640239909 0.07328257621023491 1.412313585583595
165 990 0.9965372747321074 0.9965372747321074 0.9965372747321074 0.9965372747321074 0.05884492559169904 1.4129887737459583
166 996 0.9965372747321074 0.9965372747321074 0.9965372747321074 0.9965372747321074 0.05884492559169904 1.4129887737459583
167 1002 0.9970144025938696 0.9970144025938696 0.9970144025938696 0.9970144025938696 0.05464062047717311 1.4131576000552344
168 1008 0.9970144025938696 0.9970144025938696 0.9970144025938696 0.9970144025938696 0.05464062047717311 1.4131576000552344
169 1014 0.9982236278238802 0.9982236278238802 0.9982236278238802 0.9982236278238802 0.04214703045435085 1.4135853804506753
170 1020 0.9982236278238802 0.9982236278238802 0.9982236278238802 0.9982236278238802 0.04214703045435085 1.4135853804506753
171 1026 0.999120820352823 0.999120820352823 0.999120820352823 0.999120820352823 0.029650963680406144 1.4139026912601953
172 1032 0.999120820352823 0.999120820352823 0.999120820352823 0.999120820352823 0.029650963680406144 1.4139026912601953
173 1038 0.9994177907677813 0.9994177907677813 0.9994177907677813 0.9994177907677813 0.024129012251201527 1.414007705342436
174 1044 0.9994177907677813 0.9994177907677813 0.9994177907677813 0.9994177907677813 0.024129012251201527 1.414007705342436
175 1050 0.999435044582431 0.999435044582431 0.999435044582431 0.999435044582431 0.023768790831023724 1.4140138063620282
176 1056 0.999435044582431 0.999435044582431 0.999435044582431 0.999435044582431 0.023768790831023724 1.4140138063620282
177 1062 0.9995559165712014 0.9995559165712014 0.9995559165712014 0.9995559165712014 0.021073287090499 1.4140565464546322
178 1068 0.9995559165712014 0.9995559165712014 0.9995559165712014 0.9995559165712014 0.021073287090499 1.4140565464546322
179 1074 0.999655522641808 0.999655522641808 0.999655522641808 0.999655522641808 0.01856010124411853 1.4140917659903858
180 1080 0.999655522641808 0.999655522641808 0.999655522641808 0.999655522641808 0.01856010124411853 1.4140917659903858
181 1086 0.9997673355026022 0.9997673355026022 0.9997673355026022 0.9997673355026022 0.015253343810391387 1.4141313006586773
182 1092 0.9997673355026022 0.9997673355026022 0.9997673355026022 0.9997673355026022 0.015253343810391387 1.4141313006586773
183 1098 0.9998960802470311 0.9998960802470311 0.9998960802470311 0.9998960802470311 0.010194103833536193 1.414176820714804
184 1104 0.9998960802470311 0.9998960802470311 0.9998960802470311 0.9998960802470311 0.010194103833536193 1.414176820714804
185 1110 0.9999071812958371 0.9999071812958371 0.9999071812958371 0.9999071812958371 0.009634246424223699 1.4141807456247724
186 1116 0.9999071812958371 0.9999071812958371 0.9999071812958371 0.9999071812958371 0.009634246424223699 1.4141807456247724
187 1122 0.9998995996119364 0.9998995996119364 0.9998995996119364 0.9998995996119364 0.01001999940438141 1.4141780650299793
188 1128 0.9998995996119364 0.9998995996119364 0.9998995996119364 0.9998995996119364 0.01001999940438141 1.4141780650299793
189 1134 0.9999032431448156 0.9999032431448156 0.9999032431448156 0.9999032431448156 0.009836506248887301 1.4141793532451306
190 1140 0.9999032431448156 0.9999032431448156 0.9999032431448156 0.9999032431448156 0.009836506248887301 1.4141793532451306
191 1146 0.9999436048596495 0.9999436048596495 0.9999436048596495 0.9999436048596495 0.007509669789699767 1.4141936235394534
192 1152 0.9999436048596495 0.9999436048596495 0.9999436048596495 0.9999436048596495 0.007509669789699767 1.4141936235394534
193 1158 0.9999577174939007 0.9999577174939007 0.9999577174939007 0.9999577174939007 0.006502499988414741 1.4141986131706892
194 1164 0.9999577174939007 0.9999577174939007 0.9999577174939007 0.9999577174939007 0.006502499988414741 1.4141986131706892
195 1170 0.999977026932622 0.999977026932622 0.999977026932622 0.999977026932622 0.0047930227808852316 1.414205440143907
196 1176 0.999977026932622 0.999977026932622 0.999977026932622 0.999977026932622 0.0047930227808852316 1.414205440143907
197 1182 0.9999873565231012 0.9999873565231012 0.9999873565231012 0.9999873565231012 0.003555766710398349 1.4142090922219037
198 1188 0.9999873565231012 0.9999873565231012 0.9999873565231012 0.9999873565231012 0.003555766710398349 1.4142090922219037
199 1194 0.9999902201504027 0.9999902201504027 0.9999902201504027 0.9999902201504027 0.003127275107411482 1.4142101046698836
200 1200 0.9999902201504027 0.9999902201504027 0.9999902201504027 0.9999902201504027 0.003127275107411482 1.4142101046698836
201 1206 0.9999914907829575 0.9999914907829575 0.9999914907829575 0.9999914907829575 0.0029170562289339793 1.4142105539073584
202 1212 0.9999914907829575 0.9999914907829575 0.9999914907829575 0.9999914907829575 0.0029170562289339793 1.4142105539073584
203 1218 0.9999933473562687 0.9999933473562687 0.9999933473562687 0.9999933473562687 0.0025792719381979396 1.4142112103063915
204 1224 0.9999933473562687 0.9999933473562687 0.9999933473562687 0.9999933473562687 0.0025792719381979396 1.4142112103063915
205 1230 0.9999946519613779 0.9999946519613779 0.9999946519613779 0.9999946519613779 0.002312582673623513 1.4142116715546433
206 1236 0.9999946519613779 0.9999946519613779 0.9999946519613779 0.9999946519613779 0.002312582673623513 1.4142116715546433
207 1242 0.9999970875540526 0.9999970875540526 0.9999970875540526 0.9999970875540526 0.0017065889802535092 1.4142125326675805
208 1248 0.9999970875540526 0.9999970875540526 0.9999970875540526 0.9999970875540526 0.0017065889802535092 1.4142125326675805
209 1254 0.9999977672777791 0.9999977672777791 0.9999977672777791 0.9999977672777791 0.0014942296412817904 1.4142127729863634
210 1260 0.9999977672777791 0.9999977672777791 0.9999977672777791 0.9999977672777791 0.0014942296412817904 1.4142127729863634
211 1266 0.9999972275119959 0.9999972275119959 0.9999972275119959 0.9999972275119959 0.0016650789782767924 1.4142125821502212
212 1272 0.9999972275119959 0.9999972275119959 0.9999972275119959 0.9999972275119959 0.0016650789782767924 1.4142125821502212
213 1278 0.9999947006427434 0.9999947006427434 0.9999947006427434 0.9999947006427434 0.0023020332874354363 1.414211688766128
214 1284 0.9999947006427434 0.9999947006427434 0.9999947006427434 0.9999947006427434 0.0023020332874354363 1.414211688766128
215 1290 0.9999979588150877 0.9999979588150877 0.9999979588150877 0.9999979588150877 0.0014287004277719886 1.4142128407050645
216 1296 0.9999979588150877 0.9999979588150877 0.9999979588150877 0.9999979588150877 0.0014287004277719886 1.4142128407050645
217 1302 0.9999980392390535 0.9999980392390535 0.9999980392390535 0.9999980392390535 0.0014002717402926076 1.4142128691392444
218 1308 0.9999980392390535 0.9999980392390535 0.9999980392390535 0.9999980392390535 0.0014002717402926076 1.4142128691392444
219 1314 0.9999981004412904 0.9999981004412904 0.9999981004412904 0.9999981004412904 0.001378244793103544 1.4142128907775133
220 1320 0.9999981004412904 0.9999981004412904 0.9999981004412904 0.9999981004412904 0.001378244793103544 1.4142128907775133
221 1326 0.9999985576319963 0.9999985576319963 0.9999985576319963 0.9999985576319963 0.0012009862629573478 1.414213052418905
222 1332 0.9999985576319963 0.9999985576319963 0.9999985576319963 0.9999985576319963 0.0012009862629573478 1.414213052418905
223 1338 0.9999987009134852 0.9999987009134852 0.9999987009134852 0.9999987009134852 0.0011397747649450223 1.4142131030765785
224 1344 0.9999987009134852 0.9999987009134852 0.9999987009134852 0.9999987009134852 0.0011397747649450223 1.4142131030765785
225 1350 0.9999988622950892 0.9999988622950892 0.9999988622950892 0.9999988622950892 0.001066632509845053 1.4142131601336092
226 1356 0.9999988622950892 0.9999988622950892 0.9999988622950892 0.9999988622950892 0.001066632509845053 1.4142131601336092
227 1362 0.9999996650454381 0.9999996650454381 0.9999996650454381 0.9999996650454381 0.0005787525913339328 1.414213443948769
228 1368 0.9999996650454381 0.9999996650454381 0.9999996650454381 0.9999996650454381 0.0005787525913339328 1.414213443948769
229 1374 0.9999997711687799 0.9999997711687799 0.9999997711687799 0.9999997711687799 0.00047836306281079523 1.414213481469039
230 1380 0.9999997711687799 0.9999997711687799 0.9999997711687799 0.9999997711687799 0.00047836306281079523 1.414213481469039
231 1386 0.9999998020018815 0.9999998020018815 0.9999998020018815 0.9999998020018815 0.0004449697949308714 1.4142134923701872
232 1392 0.9999998020018815 0.9999998020018815 0.9999998020018815 0.9999998020018815 0.0004449697949308714 1.4142134923701872
233 1398 0.9999998791050927 0.9999998791050927 0.9999998791050927 0.9999998791050927 0.0003476994495994439 1.41421351963029
234 1404 0.9999998791050927 0.9999998791050927 0.9999998791050927 0.9999998791050927 0.0003476994495994439 1.41421351963029
235 1410 0.999999842292807 0.999999842292807 0.999999842292807 0.999999842292807 0.00039712364933412964 1.414213506615181
236 1416 0.999999842292807 0.999999842292807 0.999999842292807 0.999999842292807 0.00039712364933412964 1.414213506615181
237 1422 0.9999998766225459 0.9999998766225459 0.9999998766225459 0.9999998766225459 0.00035125126947609857 1.4142135187525773
238 1428 0.9999998766225459 0.9999998766225459 0.9999998766225459 0.9999998766225459 0.00035125126947609857 1.4142135187525773
239 1434 0.999999893006446 0.999999893006446 0.999999893006446 0.999999893006446 0.0003270986915543297 1.4142135245451608
240 1440 0.999999893006446 0.999999893006446 0.999999893006446 0.999999893006446 0.0003270986915543297 1.4142135245451608
241 1446 0.9999999580990917 0.9999999580990917 0.9999999580990917 0.9999999580990917 0.00020469711369264045 1.4142135475588868
242 1452 0.9999999580990917 0.9999999580990917 0.9999999580990917 0.9999999580990917 0.00020469711369264045 1.4142135475588868
243 1458 0.9999999599753765 0.9999999599753765 0.9999999599753765 0.9999999599753765 0.00020006154942891395 1.4142135482222535
244 1464 0.9999999599753765 0.9999999599753765 0.9999999599753765 0.9999999599753765 0.00020006154942891395 1.4142135482222535
245 1470 0.9999999709194488 0.9999999709194488 0.9999999709194488 0.9999999709194488 0.00017053020674172558 1.4142135520915677
246 1476 0.9999999709194488 0.9999999709194488 0.9999999709194488 0.9999999709194488 0.00017053020674172558 1.4142135520915677
247 1482 0.9999999775002256 0.9999999775002256 0.9999999775002256 0.9999999775002256 0.0001499992484764309 1.4142135544182235
248 1488 0.9999999775002256 0.9999999775002256 0.9999999775002256 0.9999999775002256 0.0001499992484764309 1.4142135544182235
249 1494 0.9999999874134251 0.9999999874134251 0.9999999874134251 0.9999999874134251 0.00011218990524078415 1.4142135579230688
250 1500 0.9999999874134251 0.9999999874134251 0.9999999874134251 0.9999999874134251 0.00011218990524078415 1.4142135579230688
251 1506 0.9999999937838343 0.9999999937838343 0.9999999937838343 0.9999999937838343 7.884266276104039e-05 1.4142135601753485
252 1512 0.9999999937838343 0.9999999937838343 0.9999999937838343 0.9999999937838343 7.884266276104039e-05 1.4142135601753485
253 1518 0.9999999963083869 0.9999999963083869 0.9999999963083869 0.9999999963083869 6.075864560107919e-05 1.4142135610679127
254 1524 0.9999999963083869 0.9999999963083869 0.9999999963083869 0.9999999963083869 6.075864560107919e-05 1.4142135610679127
255 1530 0.9999999983792535 0.9999999983792535 0.9999999983792535 0.9999999983792535 4.025849783587508e-05 1.4142135618000746
256 1536 0.9999999983792535 0.9999999983792535 0.9999999983792535 0.9999999983792535 4.025849783587508e-05 1.4142135618000746
257 1542 0.999999996695764 0.999999996695764 0.999999996695764 0.999999996695764 5.748248328755876e-05 1.4142135612048712
258 1548 0.999999996695764 0.999999996695764 0.999999996695764 0.999999996695764 5.748248328755876e-05 1.4142135612048712
259 1554 0.9999999973674948 0.9999999973674948 0.9999999973674948 0.9999999973674948 5.1307943856632326e-05 1.4142135614423639
260 1560 0.9999999973674948 0.9999999973674948 0.9999999973674948 0.9999999973674948 5.1307943856632326e-05 1.4142135614423639
261 1566 0.9999999969521651 0.9999999969521651 0.9999999969521651 0.9999999969521651 5.5207198464952014e-05 1.4142135612955227
262 1572 0.9999999969521651 0.9999999969521651 0.9999999969521651 0.9999999969521651 5.5207198464952014e-05 1.4142135612955227
263 1578 0.999999996317641 0.999999996317641 0.999999996317641 0.999999996317641 6.068244232697731e-05 1.4142135610711846
264 1584 0.999999996317641 0.999999996317641 0.999999996317641 0.999999996317641 6.068244232697731e-05 1.4142135610711846
265 1590 0.9999999964814494 0.9999999964814494 0.9999999964814494 0.9999999964814494 5.9317371035046716e-05 1.4142135611290996
266 1596 0.9999999964814494 0.9999999964814494 0.9999999964814494 0.9999999964814494 5.9317371035046716e-05 1.4142135611290996
267 1602 0.9999999957457957 0.9999999957457957 0.9999999957457957 0.9999999957457957 6.522426090903077e-05 1.4142135608690065
268 1608 0.9999999957457957 0.9999999957457957 0.9999999957457957 0.9999999957457957 6.522426090903077e-05 1.4142135608690065
269 1614 0.9999999952137236 0.9999999952137236 0.9999999952137236 0.9999999952137236 6.91829204808324e-05 1.4142135606808908
270 1620 0.9999999952137236 0.9999999952137236 0.9999999952137236 0.9999999952137236 6.91829204808324e-05 1.4142135606808908
271 1626 0.9999999953389187 0.9999999953389187 0.9999999953389187 0.9999999953389187 6.827211215940886e-05 1.414213560725154
272 1632 0.9999999953389187 0.9999999953389187 0.9999999953389187 0.9999999953389187 6.827211215940886e-05 1.414213560725154
273 1638 0.9999999988261832 0.9999999988261832 0.9999999988261832 0.9999999988261832 3.426101103341e-05 1.4142135619580882
274 1644 0.9999999988261832 0.9999999988261832 0.9999999988261832 0.9999999988261832 3.426101103341e-05 1.4142135619580882
275 1650 0.425841560892314 0.425841560892314 0.425841560892314 0.425841560892314 0.7577324323979315 1.1940860776729263
276 1656 0.425841560892314 0.425841560892314 0.425841560892314 0.425841560892314 0.7577324323979315 1.1940860776729263
277 1662 0.2712192216057261 0.2712192216057261 0.2712192216057261 0.2712192216057261 0.8536865808915316 1.1274835793064686
278 1668 0.2712192216057261 0.2712192216057261 0.2712192216057261 0.2712192216057261 0.8536865808915316 1.1274835793064686
279 1674 0.32574170911218114 0.32574170911218114 0.32574170911218114 0.32574170911218114 0.8211323223986613 1.1514085760980683
280 1680 0.32574170911218114 0.32574170911218114 0.32574170911218114 0.32574170911218114 0.8211323223986613 1.1514085760980683
281 1686 0.23838590551783068 0.23838590551783068 0.23838590551783068 0.23838590551783068 0.8727050443776347 1.1128278867452193
282 1692 0.23838590551783068 0.23838590551783068 0.23838590551783068 0.23838590551783068 0.8727050443776347 1.1128278867452193
283 1698 0.5802689580878799 0.5802689580878799 0.5802689580878799 0.5802689580878799 0.6478665309399152 1.2570874902280589
284 1704 0.5802689580878799 0.5802689580878799 0.5802689580878799 0.5802689580878799 0.6478665309399152 1.2570874902280589
285 1710 0.6933000988001277 0.6933000988001277 0.6933000988001277 0.6933000988001277 0.5538049306388237 1.3012686497415236
286 1716 0.6933000988001277 0.6933000988001277 0.6933000988001277 0.6933000988001277 0.5538049306388237 1.3012686497415236
287 1722 0.7003322124023379 0.7003322124023379 0.7003322124023379 0.7003322124023379 0.547419206456681 1.3039678724578831
288 1728 0.7003322124023379 0.7003322124023379 0.7003322124023379 0.7003322124023379 0.547419206456681 1.3039678724578831
289 1734 0.5985934877956129 0.5985934877956129 0.5985934877956129 0.5985934877956129 0.633566501801024 1.2643549690635194
290 1740 0.5985934877956129 0.5985934877956129 0.5985934877956129 0.5985934877956129 0.633566501801024 1.2643549690635194
291 1746 0.6323228320942519 0.6323228320942519 0.6323228320942519 0.6323228320942519 0.6063638906677642 1.2776239008778179
292 1752 0.6323228320942519 0.6323228320942519 0.6323228320942519 0.6323228320942519 0.6063638906677642 1.2776239008778179
293 1758 0.5860232389576527 0.5860232389576527 0.5860232389576527 0.5860232389576527 0.6434102587325968 1.2593741457397212
294 1764 0.5860232389576527 0.5860232389576527 0.5860232389576527 0.5860232389576527 0.6434102587325968 1.2593741457397212
295 1770 0.7714032608896935 0.7714032608896935 0.7714032608896935 0.7714032608896935 0.478117913396169 1.3309407428167843
296 1776 0.7714032608896935 0.7714032608896935 0.7714032608896935 0.7714032608896935 0.478117913396169 1.3309407428167843
297 1782 0.6201580785588395 0.6201580785588395 0.6201580785588395 0.6201580785588395 0.6163131683171799 1.2728543037436921
298 1788 0.6201580785588395 0.6201580785588395 0.6201580785588395 0.6201580785588395 0.6163131683171799 1.2728543037436921
299 1794 0.5376867652427255 0.5376867652427255 0.5376867652427255 0.5376867652427255 0.6799361990343465 1.2400349854914279
300 1800 0.5376867652427255 0.5376867652427255 0.5376867652427255 0.5376867652427255 0.6799361990343465 1.2400349854914279
301 1806 0.6419770488376164 0.6419770488376164 0.6419770488376164 0.6419770488376164 0.5983501910774188 1.281396522875576
302 1812 0.6419770488376164 0.6419770488376164 0.6419770488376164 0.6419770488376164 0.5983501910774188 1.281396522875576
303 1818 0.6994209862296706 0.6994209862296706 0.6994209862296706 0.6994209862296706 0.5482508675509136 1.303618420485715
304 1824 0.6994209862296706 0.6994209862296706 0.6994209862296706 0.6994209862296706 0.5482508675509136 1.303618420485715
305 1830 0.7753688868509988 0.7753688868509988 0.7753688868509988 0.7753688868509988 0.47395264863591713 1.3324296930236126
306 1836 0.7753688868509988 0.7753688868509988 0.7753688868509988 0.7753688868509988 0.47395264863591713 1.3324296930236126
307 1842 0.7487343607477541 0.7487343607477541 0.7487343607477541 0.7487343607477541 0.5012640414514551 1.322397202336633
308 1848 0.7487343607477541 0.7487343607477541 0.7487343607477541 0.7487343607477541 0.5012640414514551 1.322397202336633
309 1854 0.7984741012475445 0.7984741012475445 0.7984741012475445 0.7984741012475445 0.4489163605310633 1.3410719970410032
310 1860 0.7984741012475445 0.7984741012475445 0.7984741012475445 0.7984741012475445 0.4489163605310633 1.3410719970410032
311 1866 0.8000255930754834 0.8000255930754834 0.8000255930754834 0.8000255930754834 0.4471849806562341 1.3416503244420594
312 1872 0.8000255930754834 0.8000255930754834 0.8000255930754834 0.8000255930754834 0.4471849806562341 1.3416503244420594
313 1878 0.8650395029822227 0.8650395029822227 0.8650395029822227 0.8650395029822227 0.36736970073452896 1.3656644913675624
314 1884 0.8650395029822227 0.8650395029822227 0.8650395029822227 0.8650395029822227 0.36736970073452896 1.3656644913675624
315 1890 0.8472503169824375 0.8472503169824375 0.8472503169824375 0.8472503169824375 0.3908320393948822 1.359135871420675
316 1896 0.8472503169824375 0.8472503169824375 0.8472503169824375 0.8472503169824375 0.3908320393948822 1.359135871420675
317 1902 0.8898580104214681 0.8898580104214681 0.8898580104214681 0.8898580104214681 0.33187646734671 1.3747210664063703
318 1908 0.8898580104214681 0.8898580104214681 0.8898580104214681 0.8898580104214681 0.33187646734671 1.3747210664063703
319 1914 0.8687823911528667 0.8687823911528667 0.8687823911528667 0.8687823911528667 0.36223971185822956 1.3670341587366668
320 1920 0.8687823911528667 0.8687823911528667 0.8687823911528667 0.8687823911528667 0.36223971185822956 1.3670341587366668
321 1926 0.7896594298691643 0.7896594298691643 0.7896594298691643 0.7896594298691643 0.4586290114360798 1.337781532937708
322 1932 0.7896594298691643 0.7896594298691643 0.7896594298691643 0.7896594298691643 0.4586290114360798 1.337781532937708
323 1938 0.8240393093178024 0.8240393093178024 0.8240393093178024 0.8240393093178024 0.4194766866968862 1.3505699942312515
324 1944 0.8240393093178024 0.8240393093178024 0.8240393093178024 0.8240393093178024 0.4194766866968862 1.3505699942312515
325 1950 0.8439715681521242 0.8439715681521242 0.8439715681521242 0.8439715681521242 0.3950043440873476 1.3579291469558066
326 1956 0.8439715681521242 0.8439715681521242 0.8439715681521242 0.8439715681521242 0.3950043440873476 1.3579291469558066
327 1962 0.8716186984809856 0.8716186984809856 0.8716186984809856 0.8716186984809856 0.35830336520749323 1.3680711598747286
328 1968 0.8716186984809856 0.8716186984809856 0.8716186984809856 0.8716186984809856 0.35830336520749323 1.3680711598747286
329 1974 0.8029504565023613 0.8029504565023613 0.8029504565023613 0.8029504565023613 0.4439026283968577 1.3427399064980385
330 1980 0.8029504565023613 0.8029504565023613 0.8029504565023613 0.8029504565023613 0.4439026283968577 1.3427399064980385
331 1986 0.6835446961587555 0.6835446961587555 0.6835446961587555 0.6835446961587555 0.5625436017245639 1.2975148153908516
332 1992 0.6835446961587555 0.6835446961587555 0.6835446961587555 0.6835446961587555 0.5625436017245639 1.2975148153908516
333 1998 0.6985694307771445 0.6985694307771445 0.6985694307771445 0.6985694307771445 0.5490269294149928 1.3032917673250086
334 2004 0.6985694307771445 0.6985694307771445 0.6985694307771445 0.6985694307771445 0.5490269294149928 1.3032917673250086
335 2010 0.5423204773323249 0.5423204773323249 0.5423204773323249 0.5423204773323249 0.6765201568820215 1.2419019596297949
336 2016 0.5423204773323249 0.5423204773323249 0.5423204773323249 0.5423204773323249 0.6765201568820215 1.2419019596297949
337 2022 0.5338453177477215 0.5338453177477215 0.5338453177477215 0.5338453177477215 0.6827552140059266 1.2384850898366606
338 2028 0.5338453177477215 0.5338453177477215 0.5338453177477215 0.5338453177477215 0.6827552140059266 1.2384850898366606
339 2034 0.6720017608105318 0.6720017608105318 0.6720017608105318 0.6720017608105318 0.5727113052747154 1.2930590708898537
340 2040 0.6720017608105318 0.6720017608105318 0.6720017608105318 0.6720017608105318 0.5727113052747154 1.2930590708898537
341 2046 0.6437875793499019 0.6437875793499019 0.6437875793499019 0.6437875793499019 0.59683533797028 1.2821027959371676
342 2052 0.6437875793499019 0.6437875793499019 0.6437875793499019 0.6437875793499019 0.59683533797028 1.2821027959371676
343 2058 0.5133168766920273 0.5133168766920273 0.5133168766920273 0.5133168766920273 0.6976267793799007 1.2301694503978007
344 2064 0.5133168766920273 0.5133168766920273 0.5133168766920273 0.5133168766920273 0.6976267793799007 1.2301694503978007
345 2070 0.4319382158201915 0.4319382158201915 0.4319382158201915 0.4319382158201915 0.7536987356894057 1.1966362086366062
346 2076 0.4319382158201915 0.4319382158201915 0.4319382158201915 0.4319382158201915 0.7536987356894057 1.1966362086366062
347 2082 0.3154521875904424 0.3154521875904424 0.3154521875904424 0.3154521875904424 0.8273740462508826 1.1469316403301648
348 2088 0.3154521875904424 0.3154521875904424 0.3154521875904424 0.3154521875904424 0.8273740462508826 1.1469316403301648
349 2094 0.2735865702810576 0.2735865702810576 0.2735865702810576 0.2735865702810576 0.8522989086693369 1.1285329283104937
350 2100 0.2735865702810576 0.2735865702810576 0.2735865702810576 0.2735865702810576 0.8522989086693369 1.1285329283104937
351 2106 -0.29403562051245513 -0.29403562051245513 -0.29403562051245513 -0.29403562051245513 0.8402168645579219 1.137556864737959
352 2112 -0.29403562051245513 -0.29403562051245513 -0.29403562051245513 -0.29403562051245513 0.8402168645579219 1.137556864737959
353 2118 -0.41777236990711913 -0.41777236990711913 -0.41777236990711913 -0.41777236990711913 0.7630384198013104 1.1907024690942398
354 2124 -0.41777236990711913 -0.41777236990711913 -0.41777236990711913 -0.41777236990711913 0.7630384198013104 1.1907024690942398
355 2130 -0.4894217455721262 -0.4894217455721262 -0.4894217455721262 -0.4894217455721262 0.7145475872381586 1.220418676345182
356 2136 -0.4894217455721262 -0.4894217455721262 -0.4894217455721262 -0.4894217455721262 0.7145475872381586 1.220418676345182
357 2142 -0.45126415662467495 -0.45126415662467495 -0.45126415662467495 -0.45126415662467495 0.7407670641809915 1.2046842559877151
358 2148 -0.45126415662467495 -0.45126415662467495 -0.45126415662467495 -0.45126415662467495 0.7407670641809915 1.2046842559877151
359 2154 -0.590934636306044 -0.590934636306044 -0.590934636306044 -0.590934636306044 0.6395821789996622 1.2613225742473826
360 2160 -0.590934636306044 -0.590934636306044 -0.590934636306044 -0.590934636306044 0.6395821789996622 1.2613225742473826
361 2166 -0.5958396853669181 -0.5958396853669181 -0.5958396853669181 -0.5958396853669181 0.6357360416344836 1.2632654849107998
362 2172 -0.5958396853669181 -0.5958396853669181 -0.5958396853669181 -0.5958396853669181 0.6357360416344836 1.2632654849107998
363 2178 -0.539232273148112 -0.539232273148112 -0.539232273148112 -0.539232273148112 0.678798738104225 1.2406580000741994
364 2184 -0.539232273148112 -0.539232273148112 -0.539232273148112 -0.539232273148112 0.678798738104225 1.2406580000741994
365 2190 -0.6398077624008197 -0.6398077624008197 -0.6398077624008197 -0.6398077624008197 0.6001601766188593 1.2805497891143551
366 2196 -0.6398077624008197 -0.6398077624008197 -0.6398077624008197 -0.6398077624008197 0.6001601766188593 1.2805497891143551
367 2202 -0.8192499777172608 -0.8192499777172608 -0.8192499777172608 -0.8192499777172608 0.42514705959554655 1.3487957509264554
368 2208 -0.8192499777172608 -0.8192499777172608 -0.8192499777172608 -0.8192499777172608 0.42514705959554655 1.3487957509264554
369 2214 -0.8546664476677621 -0.8546664476677621 -0.8546664476677621 -0.8546664476677621 0.3812263793761362 1.3618613907691788
370 2220 -0.8546664476677621 -0.8546664476677621 -0.8546664476677621 -0.8546664476677621 0.3812263793761362 1.3618613907691788
371 2226 -0.8372708909215102 -0.8372708909215102 -0.8372708909215102 -0.8372708909215102 0.40339696215823195 1.3554596603814923
372 2232 -0.8372708909215102 -0.8372708909215102 -0.8372708909215102 -0.8372708909215102 0.40339696215823195 1.3554596603814923
373 2238 -0.9019934914883525 -0.9019934914883525 -0.9019934914883525 -0.9019934914883525 0.3130599120162903 1.3791278009990053
374 2244 -0.9019934914883525 -0.9019934914883525 -0.9019934914883525 -0.9019934914883525 0.3130599120162903 1.3791278009990053
375 2250 -0.8531466608443841 -0.8531466608443841 -0.8531466608443841 -0.8531466608443841 0.3832144819231341 1.361303294950976
376 2256 -0.8531466608443841 -0.8531466608443841 -0.8531466608443841 -0.8531466608443841 0.3832144819231341 1.361303294950976
377 2262 -0.8992649664385648 -0.8992649664385648 -0.8992649664385648 -0.8992649664385648 0.31738782831330403 1.3781382247215135
378 2268 -0.8992649664385648 -0.8992649664385648 -0.8992649664385648 -0.8992649664385648 0.31738782831330403 1.3781382247215135
379 2274 -0.9012230912975162 -0.9012230912975162 -0.9012230912975162 -0.9012230912975162 0.31428793916166053 1.3788484656761657
380 2280 -0.9012230912975162 -0.9012230912975162 -0.9012230912975162 -0.9012230912975162 0.31428793916166053 1.3788484656761657
381 2286 -0.9141456587615332 -0.9141456587615332 -0.9141456587615332 -0.9141456587615332 0.29300911459964335 1.3835265298365382
382 2292 -0.9141456587615332 -0.9141456587615332 -0.9141456587615332 -0.9141456587615332 0.29300911459964335 1.3835265298365382
383 2298 -0.902577573786815 -0.902577573786815 -0.902577573786815 -0.902577573786815 0.3121256577296792 1.3793395426024786
384 2304 -0.902577573786815 -0.902577573786815 -0.902577573786815 -0.902577573786815 0.3121256577296792 1.3793395426024786
385 2310 -0.9187065733594748 -0.9187065733594748 -0.9187065733594748 -0.9187065733594748 0.28512002146556664 1.3851738422882072
386 2316 -0.9187065733594748 -0.9187065733594748 -0.9187065733594748 -0.9187065733594748 0.28512002146556664 1.3851738422882072
387 2322 -0.9286673952451808 -0.9286673952451808 -0.9286673952451808 -0.9286673952451808 0.2670816443614557 1.3887647011805784
388 2328 -0.9286673952451808 -0.9286673952451808 -0.9286673952451808 -0.9286673952451808 0.2670816443614557 1.3887647011805784
389 2334 -0.8475303225435769 -0.8475303225435769 -0.8475303225435769 -0.8475303225435769 0.39047365782652116 1.359238876189015
390 2340 -0.8475303225435769 -0.8475303225435769 -0.8475303225435769 -0.8475303225435769 0.39047365782652116 1.359238876189015
391 2346 -0.8437399020856249 -0.8437399020856249 -0.8437399020856249 -0.8437399020856249 0.3952974802783031 1.3578438430414688
392 2352 -0.8437399020856249 -0.8437399020856249 -0.8437399020856249 -0.8437399020856249 0.3952974802783031 1.3578438430414688
393 2358 -0.8367029241649515 -0.8367029241649515 -0.8367029241649515 -0.8367029241649515 0.4041003289222226 1.355250133431077
394 2364 -0.8367029241649515 -0.8367029241649515 -0.8367029241649515 -0.8367029241649515 0.4041003289222226 1.355250133431077
395 2370 -0.7875072068758786 -0.7875072068758786 -0.7875072068758786 -0.7875072068758786 0.460969405843947 1.3369768909281412
396 2376 -0.7875072068758786 -0.7875072068758786 -0.7875072068758786 -0.7875072068758786 0.460969405843947 1.3369768909281412
397 2382 -0.8886138493911186 -0.8886138493911186 -0.8886138493911186 -0.8886138493911186 0.3337456375877916 1.374268477915112
398 2388 -0.8886138493911186 -0.8886138493911186 -0.8886138493911186 -0.8886138493911186 0.3337456375877916 1.374268477915112
399 2394 -0.9227927457893783 -0.9227927457893783 -0.9227927457893783 -0.9227927457893783 0.27786193372000684 1.3866480251993936
400 2400 -0.9227927457893783 -0.9227927457893783 -0.9227927457893783 -0.9227927457893783 0.27786193372000684 1.3866480251993936
401 2406 -0.9681688405321777 -0.9681688405321777 -0.9681688405321777 -0.9681688405321777 0.17841289041944844 1.402914409553262
402 2412 -0.9681688405321777 -0.9681688405321777 -0.9681688405321777 -0.9681688405321777 0.17841289041944844 1.402914409553262
403 2418 -0.983488172323847 -0.983488172323847 -0.983488172323847 -0.983488172323847 0.1284983567060412 1.4083636505973331
404 2424 -0.983488172323847 -0.983488172323847 -0.983488172323847 -0.983488172323847 0.1284983567060412 1.4083636505973331
405 2430 -0.9853741465785073 -0.9853741465785073 -0.9853741465785073 -0.9853741465785073 0.12093739463661664 1.4090330537565494
406 2436 -0.9853741465785073 -0.9853741465785073 -0.9853741465785073 -0.9853741465785073 0.12093739463661664 1.4090330537565494
407 2442 -0.9851508909706057 -0.9851508909706057 -0.9851508909706057 -0.9851508909706057 0.1218569203180285 1.4089538285446424
408 2448 -0.9851508909706057 -0.9851508909706057 -0.9851508909706057 -0.9851508909706057 0.1218569203180285 1.4089538285446424
409 2454 -0.9923475506869928 -0.9923475506869928 -0.9923475506869928 -0.9923475506869928 0.08747827909262526 1.4115054199991557
410 2460 -0.9923475506869928 -0.9923475506869928 -0.9923475506869928 -0.9923475506869928 0.08747827909262526 1.4115054199991557
411 2466 -0.9946783954024861 -0.9946783954024861 -0.9946783954024861 -0.9946783954024861 0.07294932897233392 1.4123308378005792
412 2472 -0.9946783954024861 -0.9946783954024861 -0.9946783954024861 -0.9946783954024861 0.07294932897233392 1.4123308378005792
413 2478 -0.9936291806106864 -0.9936291806106864 -0.9936291806106864 -0.9936291806106864 0.07981741282022049 1.4119593409906273
414 2484 -0.9936291806106864 -0.9936291806106864 -0.9936291806106864 -0.9936291806106864 0.07981741282022049 1.4119593409906273
415 2490 -0.9945023475032905 -0.9945023475032905 -0.9945023475032905 -0.9945023475032905 0.0741461563178405 1.412268511120775
416 2496 -0.9945023475032905 -0.9945023475032905 -0.9945023475032905 -0.9945023475032905 0.0741461563178405 1.412268511120775
417 2502 -0.9861863379540313 -0.9861863379540313 -0.9861863379540313 -0.9861863379540313 0.11753153638904118 1.4093212330600966
418 2508 -0.9861863379540313 -0.9861863379540313 -0.9861863379540313 -0.9861863379540313 0.11753153638904118 1.4093212330600966
419 2514 -0.984301802224755 -0.984301802224755 -0.984301802224755 -0.984301802224755 0.12529244899532033 1.40865247744955
420 2520 -0.984301802224755 -0.984301802224755 -0.984301802224755 -0.984301802224755 0.12529244899532033 1.40865247744955
421 2526 -0.9556709368110256 -0.9556709368110256 -0.9556709368110256 -0.9556709368110256 0.2105446821674077 1.398453051343171
422 2532 -0.9556709368110256 -0.9556709368110256 -0.9556709368110256 -0.9556709368110256 0.2105446821674077 1.398453051343171
423 2538 -0.9154972426140067 -0.9154972426140067 -0.9154972426140067 -0.9154972426140067 0.2906935798843747 1.3840148997080943
424 2544 -0.9154972426140067 -0.9154972426140067 -0.9154972426140067 -0.9154972426140067 0.2906935798843747 1.3840148997080943
425 2550 -0.9338771658671827 -0.9338771658671827 -0.9338771658671827 -0.9338771658671827 0.2571436060508158 1.3906391213636926
426 2556 -0.9338771658671827 -0.9338771658671827 -0.9338771658671827 -0.9338771658671827 0.2571436060508158 1.3906391213636926
427 2562 -0.907672575578522 -0.907672575578522 -0.907672575578522 -0.907672575578522 0.30385428155857575 1.3811852068345223
428 2568 -0.907672575578522 -0.907672575578522 -0.907672575578522 -0.907672575578522 0.30385428155857575 1.3811852068345223
429 2574 -0.8542924518812179 -0.8542924518812179 -0.8542924518812179 -0.8542924518812179 0.3817165808800843 1.3617240733280798
430 2580 -0.8542924518812179 -0.8542924518812179 -0.8542924518812179 -0.8542924518812179 0.3817165808800843 1.3617240733280798
431 2586 -0.9052824953679625 -0.9052824953679625 -0.9052824953679625 -0.9052824953679625 0.3077620909599455 1.3803197076648448
432 2592 -0.9052824953679625 -0.9052824953679625 -0.9052824953679625 -0.9052824953679625 0.3077620909599455 1.3803197076648448
433 2598 -0.9062434941856581 -0.9062434941856581 -0.9062434941856581 -0.9062434941856581 0.30619684161392313 1.380667771111377
434 2604 -0.9062434941856581 -0.9062434941856581 -0.9062434941856581 -0.9062434941856581 0.30619684161392313 1.380667771111377
435 2610 -0.7710257227280372 -0.7710257227280372 -0.7710257227280372 -0.7710257227280372 0.47851256751726245 1.3307989039400496
436 2616 -0.7710257227280372 -0.7710257227280372 -0.7710257227280372 -0.7710257227280372 0.47851256751726245 1.3307989039400496
437 2622 -0.8002716158178775 -0.8002716158178775 -0.8002716158178775 -0.8002716158178775 0.4469098166097076 1.3417420079202549
438 2628 -0.8002716158178775 -0.8002716158178775 -0.8002716158178775 -0.8002716158178775 0.4469098166097076 1.3417420079202549
439 2634 -0.6529091850469199 -0.6529091850469199 -0.6529091850469199 -0.6529091850469199 0.5891441376718267 1.2856551579046847
440 2640 -0.6529091850469199 -0.6529091850469199 -0.6529091850469199 -0.6529091850469199 0.5891441376718267 1.2856551579046847
441 2646 -0.9013437706930667 -0.9013437706930667 -0.9013437706930667 -0.9013437706930667 0.3140958918975752 1.3788922259165386
442 2652 -0.9013437706930667 -0.9013437706930667 -0.9013437706930667 -0.9013437706930667 0.3140958918975752 1.3788922259165386
443 2658 -0.8795330624707464 -0.8795330624707464 -0.8795330624707464 -0.8795330624707464 0.34708347343146956 1.37096063490924
444 2664 -0.8795330624707464 -0.8795330624707464 -0.8795330624707464 -0.8795330624707464 0.34708347343146956 1.37096063490924
445 2670 -0.8129919070804924 -0.8129919070804924 -0.8129919070804924 -0.8129919070804924 0.43244432349090645 1.3464738790932755
446 2676 -0.8129919070804924 -0.8129919070804924 -0.8129919070804924 -0.8129919070804924 0.43244432349090645 1.3464738790932755
447 2682 -0.6975738740963956 -0.6975738740963956 -0.6975738740963956 -0.6975738740963956 0.5499328376298369 1.3029097720473186
448 2688 -0.6975738740963956 -0.6975738740963956 -0.6975738740963956 -0.6975738740963956 0.5499328376298369 1.3029097720473186
449 2694 -0.8238201843903054 -0.8238201843903054 -0.8238201843903054 -0.8238201843903054 0.41973779387814797 1.350488868665827
450 2700 -0.8238201843903054 -0.8238201843903054 -0.8238201843903054 -0.8238201843903054 0.41973779387814797 1.350488868665827
451 2706 -0.8952505485428247 -0.8952505485428247 -0.8952505485428247 -0.8952505485428247 0.3236501992231359 1.3766809901145671
452 2712 -0.8952505485428247 -0.8952505485428247 -0.8952505485428247 -0.8952505485428247 0.3236501992231359 1.3766809901145671
453 2718 -0.9362553553030152 -0.9362553553030152 -0.9362553553030152 -0.9362553553030152 0.2524770181560784 1.3914939293087178
454 2724 -0.9362553553030152 -0.9362553553030152 -0.9362553553030152 -0.9362553553030152 0.2524770181560784 1.3914939293087178
455 2730 -0.957672482112295 -0.957672482112295 -0.957672482112295 -0.957672482112295 0.20573652540981877 1.3991684966837608
456 2736 -0.957672482112295 -0.957672482112295 -0.957672482112295 -0.957672482112295 0.20573652540981877 1.3991684966837608
457 2742 -0.9619634700431218 -0.9619634700431218 -0.9619634700431218 -0.9619634700431218 0.19502956175123384 1.4007010637688264
458 2748 -0.9619634700431218 -0.9619634700431218 -0.9619634700431218 -0.9619634700431218 0.19502956175123384 1.4007010637688264
459 2754 -0.9481068477155994 -0.9481068477155994 -0.9481068477155994 -0.9481068477155994 0.2278006854344396 1.3957459825181655
460 2760 -0.9481068477155994 -0.9481068477155994 -0.9481068477155994 -0.9481068477155994 0.2278006854344396 1.3957459825181655
461 2766 -0.9496949438476502 -0.9496949438476502 -0.9496949438476502 -0.9496949438476502 0.22428788677133168 1.396314772480636
462 2772 -0.9496949438476502 -0.9496949438476502 -0.9496949438476502 -0.9496949438476502 0.22428788677133168 1.396314772480636
463 2778 -0.97834622178613 -0.97834622178613 -0.97834622178613 -0.97834622178613 0.14715222802890263 1.4065369606896685
464 2784 -0.97834622178613 -0.97834622178613 -0.97834622178613 -0.97834622178613 0.14715222802890263 1.4065369606896685
465 2790 -0.9859991108133842 -0.9859991108133842 -0.9859991108133842 -0.9859991108133842 0.11832535310159004 1.4092548069151243
466 2796 -0.9859991108133842 -0.9859991108133842 -0.9859991108133842 -0.9859991108133842 0.11832535310159004 1.4092548069151243
467 2802 -0.9878481730758717 -0.9878481730758717 -0.9878481730758717 -0.9878481730758717 0.11023532520988212 1.4099106968442616
468 2808 -0.9878481730758717 -0.9878481730758717 -0.9878481730758717 -0.9878481730758717 0.11023532520988212 1.4099106968442616
469 2814 -0.9834687089648187 -0.9834687089648187 -0.9834687089648187 -0.9834687089648187 0.1285740682843204 1.408356740660838
470 2820 -0.9834687089648187 -0.9834687089648187 -0.9834687089648187 -0.9834687089648187 0.1285740682843204 1.408356740660838
471 2826 -0.9870365635364825 -0.9870365635364825 -0.9870365635364825 -0.9870365635364825 0.11385708789318934 1.409622844429134
472 2832 -0.9870365635364825 -0.9870365635364825 -0.9870365635364825 -0.9870365635364825 0.11385708789318934 1.409622844429134
473 2838 -0.9795703957923217 -0.9795703957923217 -0.9795703957923217 -0.9795703957923217 0.1429321664555546 1.4069720664577254
474 2844 -0.9795703957923217 -0.9795703957923217 -0.9795703957923217 -0.9795703957923217 0.1429321664555546 1.4069720664577254
475 2850 -0.981325347482231 -0.981325347482231 -0.981325347482231 -0.981325347482231 0.13665523231025245 1.407595590886186
476 2856 -0.981325347482231 -0.981325347482231 -0.981325347482231 -0.981325347482231 0.13665523231025245 1.407595590886186
477 2862 -0.9756508563792438 -0.9756508563792438 -0.9756508563792438 -0.9756508563792438 0.1560421213030517 1.405578477488626
478 2868 -0.9756508563792438 -0.9756508563792438 -0.9756508563792438 -0.9756508563792438 0.1560421213030517 1.405578477488626
479 2874 -0.9800787243237229 -0.9800787243237229 -0.9800787243237229 -0.9800787243237229 0.1411427492869437 1.4071527011393337
480 2880 -0.9800787243237229 -0.9800787243237229 -0.9800787243237229 -0.9800787243237229 0.1411427492869437 1.4071527011393337
481 2886 -0.990587974200978 -0.990587974200978 -0.990587974200978 -0.990587974200978 0.09701559564844232 1.4108819845050748
482 2892 -0.990587974200978 -0.990587974200978 -0.990587974200978 -0.990587974200978 0.09701559564844232 1.4108819845050748
483 2898 -0.9905861461323893 -0.9905861461323893 -0.9905861461323893 -0.9905861461323893 0.09702501671018156 1.4108813366588948
484 2904 -0.9905861461323893 -0.9905861461323893 -0.9905861461323893 -0.9905861461323893 0.09702501671018156 1.4108813366588948
485 2910 -0.9892594146452429 -0.9892594146452429 -0.9892594146452429 -0.9892594146452429 0.10363679537093567 1.4104110800207303
486 2916 -0.9892594146452429 -0.9892594146452429 -0.9892594146452429 -0.9892594146452429 0.10363679537093567 1.4104110800207303
487 2922 -0.9912105381691737 -0.9912105381691737 -0.9912105381691737 -0.9912105381691737 0.0937521297402172 1.4111025966134332
488 2928 -0.9912105381691737 -0.9912105381691737 -0.9912105381691737 -0.9912105381691737 0.0937521297402172 1.4111025966134332
489 2934 -0.9955983148680604 -0.9955983148680604 -0.9955983148680604 -0.9955983148680604 0.06634519675107949 1.4126564744721415
490 2940 -0.9955983148680604 -0.9955983148680604 -0.9955983148680604 -0.9955983148680604 0.06634519675107949 1.4126564744721415
491 2946 -0.9963506038871867 -0.9963506038871867 -0.9963506038871867 -0.9963506038871867 0.060410231855318984 1.412922716884114
492 2952 -0.9963506038871867 -0.9963506038871867 -0.9963506038871867 -0.9963506038871867 0.060410231855318984 1.412922716884114
493 2958 -0.9958461958078154 -0.9958461958078154 -0.9958461958078154 -0.9958461958078154 0.06445001312788398 1.4127442074939878
494 2964 -0.9958461958078154 -0.9958461958078154 -0.9958461958078154 -0.9958461958078154 0.06445001312788398 1.4127442074939878
495 2970 -0.9894846540887309 -0.9894846540887309 -0.9894846540887309 -0.9894846540887309 0.10254436069949983 1.4104909266240357
496 2976 -0.9894846540887309 -0.9894846540887309 -0.9894846540887309 -0.9894846540887309 0.10254436069949983 1.4104909266240357
497 2982 -0.9900055591233372 -0.9900055591233372 -0.9900055591233372 -0.9900055591233372 0.09997220051925776 1.4106755683442374
498 2988 -0.9900055591233372 -0.9900055591233372 -0.9900055591233372 -0.9900055591233372 0.09997220051925776 1.4106755683442374
499 2994 -0.9843602738486393 -0.9843602738486393 -0.9843602738486393 -0.9843602738486393 0.12505889073296872 1.4086732317498758
500 3000 -0.9843602738486393 -0.9843602738486393 -0.9843602738486393 -0.9843602738486393 0.12505889073296872 1.4086732317498758
501 3006 -0.9852855207079568 -0.9852855207079568 -0.9852855207079568 -0.9852855207079568 0.12130325342728104 1.4090016042247635
502 3012 -0.9852855207079568 -0.9852855207079568 -0.9852855207079568 -0.9852855207079568 0.12130325342728104 1.4090016042247635
503 3018 -0.9935078749062591 -0.9935078749062591 -0.9935078749062591 -0.9935078749062591 0.0805737245864982 1.4119163838224482
504 3024 -0.9935078749062591 -0.9935078749062591 -0.9935078749062591 -0.9935078749062591 0.0805737245864982 1.4119163838224482
505 3030 -0.9925502573607154 -0.9925502573607154 -0.9925502573607154 -0.9925502573607154 0.08631189164468812 1.411577223307572
506 3036 -0.9925502573607154 -0.9925502573607154 -0.9925502573607154 -0.9925502573607154 0.08631189164468812 1.411577223307572
507 3042 -0.9838505509616823 -0.9838505509616823 -0.9838505509616823 -0.9838505509616823 0.12708048252315493 1.4084922970899352
508 3048 -0.9838505509616823 -0.9838505509616823 -0.9838505509616823 -0.9838505509616823 0.12708048252315493 1.4084922970899352
509 3054 -0.9835482609586192 -0.9835482609586192 -0.9835482609586192 -0.9835482609586192 0.1282643326937803 1.408384983219652
510 3060 -0.9835482609586192 -0.9835482609586192 -0.9835482609586192 -0.9835482609586192 0.1282643326937803 1.408384983219652
511 3066 -0.9862220769815274 -0.9862220769815274 -0.9862220769815274 -0.9862220769815274 0.11737939775988172 1.4093339125209212
512 3072 -0.9862220769815274 -0.9862220769815274 -0.9862220769815274 -0.9862220769815274 0.11737939775988172 1.4093339125209212
513 3078 -0.9950462161711291 -0.9950462161711291 -0.9950462161711291 -0.9950462161711291 0.0703831217613338 1.412461049435038
514 3084 -0.9950462161711291 -0.9950462161711291 -0.9950462161711291 -0.9950462161711291 0.0703831217613338 1.412461049435038
515 3090 -0.9943239011980023 -0.9943239011980023 -0.9943239011980023 -0.9943239011980023 0.07533988851861674 1.4122053325200277
515 3090 -0.9943239011980023 -0.9943239011980023 -0.9943239011980023 -0.9943239011980023 0.07533988851861674 1.4122053325200277
