% # columns="iteration, evaluation, sigma, axis ratio, bestever, best, median, worst objective function value, interquartile range, further/more values", seed=42, Mon Apr 28 17:03:23 2025, <python>{}</python>
1 6 0.008640403892788875 1.0000250003125026 0.04233297258162701 4.2332972581627007e-02 0.10366671598526954 0.20654033073876918 0.03908987843673571   
2 12 0.010084140927204095 1.070589209432964 0.00888285742010287 8.8828574201028701e-03 0.13273516498535587 0.21951555218460778 0.12167789633600731   
3 18 0.010845184527438769 1.7585314668288634 0.00888285742010287 4.2397872973534943e-02 0.1254650491803877 0.142733101104203 0.07617114645974245   
4 24 0.014840903451666968 1.9264968050161515 0.00888285742010287 1.5065980872235617e-02 0.06164079342787097 0.17102421450952904 0.12259358304831602   
5 30 0.012516107408460101 3.225613444780203 0.00888285742010287 2.6195513024906334e-02 0.08631048429119507 0.10608697962467417 0.05933313189575542   
6 36 0.010607613265477892 3.610035413658336 0.006167381770558228 6.1673817705582279e-03 0.040807119440234366 0.07337863380165327 0.05995375513694384   
7 42 0.00891139157304312 3.645841281334696 0.006167381770558228 1.4679778465591055e-02 0.04252871490407153 0.17393032153447097 0.09093742949723446   
8 48 0.007289383327648431 4.447669618486919 0.006167381770558228 1.0444685591044264e-02 0.033662115833639296 0.03799943076675456 0.0195204879379533   
9 54 0.0056011174341147755 5.422511166796366 0.0020749932107608144 2.0749932107608144e-03 0.01631971779861603 0.04542784367132654 0.03884066071927198   
10 60 0.004405855682424385 6.495190770912001 0.0020749932107608144 2.7154076456130743e-03 0.011326127690413178 0.03706333782051868 0.015386565406345067   
11 66 0.004617381797763784 7.039622835918728 0.0020749932107608144 5.7703447861083340e-03 0.016964178701975346 0.028420535242525562 0.011042332837649126   
12 72 0.004658317072343982 9.63479052938041 0.0020749932107608144 8.9289704175339775e-03 0.018080441261970094 0.02250412035959788 0.011449036509917077   
13 78 0.003922629390178244 12.305883446915425 0.0020749932107608144 2.4135133069009109e-03 0.005238508703691554 0.010422191739662636 0.007309462453392307   
14 84 0.0051376486255234706 12.923318811582376 0.0020749932107608144 4.9238986009187040e-03 0.00897136345933903 0.01248942168665492 0.004721600138700377   
15 90 0.0036778754788236506 18.28598487288863 0.0020749932107608144 2.1227319938281522e-03 0.007066014379010781 0.013725932819537538 0.0047091809799001665   
16 96 0.0028383545031751196 14.914337814234853 0.0020749932107608144 3.0586267778931219e-03 0.004423112381639678 0.0067993093161404115 0.0010153063507652867   
17 102 0.0029270943537211664 15.215924846535424 0.0020749932107608144 2.1113611003221577e-03 0.003104991756264111 0.0062602086405415 0.0011343561589622813   
18 108 0.0024806804703727875 18.60123815057136 0.0017293587410904697 1.7293587410904697e-03 0.0032820671445392474 0.005839490375959421 0.0013557744387890426   
19 114 0.0023662319087309983 16.018637061810086 0.0016873897677149874 1.6873897677149874e-03 0.0033115795217534146 0.007751889681169383 0.0009640132632837898   
20 120 0.002041600397453837 17.364572615930918 0.0016873897677149874 1.7752691426630544e-03 0.0026212566022028407 0.0054956192714110145 0.002273984392950865   
21 126 0.0018848507743567777 22.19137941932401 0.0013912243232422025 1.3912243232422025e-03 0.002719199442825877 0.003357194896243952 0.0009827556689985238   
22 132 0.0015527757412925392 24.184618380404867 0.0013912243232422025 1.6846920348985491e-03 0.0023725966935643 0.004658433434083965 0.0019368467814831686   
23 138 0.0012860858403337995 27.708904893662517 0.0013912243232422025 1.5070256134479874e-03 0.001779304287063281 0.0019727731512477393 0.0002297956427239759   
24 144 0.0010526032198820193 28.703104764677157 0.0013733881938368744 1.3733881938368744e-03 0.0014480165940787986 0.002009846410876975 0.0003552481735688009   
25 150 0.0008362715247110716 29.64189976267627 0.0013733881938368744 1.3777599235662535e-03 0.0014177161607628634 0.001505237306612912 8.530352306505146e-05   
26 156 0.0006247414229184354 33.040677143836945 0.0013670327183527848 1.3670327183527848e-03 0.0014007263379114821 0.0014268660015565508 3.7098871628383785e-05   
27 162 0.000506255557550332 37.288908052733554 0.001366950746198265 1.3669507461982651e-03 0.0013927900202130286 0.0014283685395594023 2.282250678253177e-05   
28 168 0.0004766333027253035 33.843424099647336 0.001366950746198265 1.3699097258658909e-03 0.0013831507172457384 0.0013996595473438414 1.3592594102907049e-05   
29 174 0.0004083654008055338 43.4301450691003 0.001366950746198265 1.3674347441795837e-03 0.0013763001536063661 0.0013992092361456417 1.0210984739138836e-05   
30 180 0.0003801717065614179 38.93442808508603 0.001366950746198265 1.3678243400790974e-03 0.0013718570847444658 0.0013755815429682312 4.016124063031465e-06   
31 186 0.00031973511195143345 39.6860240327257 0.0013662378120909123 1.3662378120909123e-03 0.0013671375698829826 0.0013749951118211757 1.093846035979092e-06   
32 192 0.0002609341435759264 37.754574340972134 0.0013662378120909123 1.3663756280494900e-03 0.0013748230837443444 0.0013754636908545755 6.3415736612573714e-06   
33 198 0.00022115302079773655 42.32037133722114 0.0013662378120909123 1.3663893221183933e-03 0.0013666540545891252 0.0013692799657832116 2.5396939821139327e-06   
34 204 0.00017588709028372332 36.91545071709905 0.0013659557244292022 1.3659557244292022e-03 0.001366410262604934 0.001367637352790882 9.90591265757684e-07   
35 210 0.0001379124985094863 43.71440958868131 0.0013659043895502363 1.3659043895502363e-03 0.0013662863047641427 0.0013665334867784948 3.9573930168935144e-07   
36 216 0.00013222568765196288 50.55447081665278 0.0013659043895502363 1.3659610710256428e-03 0.001366573760946024 0.0013675358087308878 5.971207475026757e-07   
37 222 0.00010572773904979602 53.74611945676923 0.0013659043895502363 1.3659562851772204e-03 0.00136621321847465 0.0013663232983187892 1.9402721764807604e-07   
38 228 0.00010351778811358366 55.47917225245268 0.0013658370658806865 1.3658370658806865e-03 0.0013659897021608904 0.0013660688028415383 1.0383851251440958e-07   
39 234 9.402284426822672e-05 57.65567448797737 0.0013658370658806865 1.3658677377425198e-03 0.0013660053762639217 0.0013660974341952621 1.033730806065513e-07   
40 240 7.508630351023968e-05 60.61660275666184 0.0013658370658806865 1.3658407620327506e-03 0.00136594867959847 0.001366169740316693 2.9182613492145966e-07   
41 246 8.139408356535428e-05 57.8764503453297 0.001365831319595612 1.3658313195956120e-03 0.0013659424586150608 0.0013659551143464083 9.284462507749142e-08   
42 252 8.338072818141763e-05 67.09708489241481 0.001365831319595612 1.3658357990959202e-03 0.0013658858436815607 0.0013660678998452128 1.6092283966419492e-07   
43 258 8.326811299219756e-05 56.18192165679623 0.0013658133316977225 1.3658133316977225e-03 0.0013659341231368057 0.0013659572289434205 8.881874468021078e-08   
44 264 9.131823985709969e-05 61.44102580821291 0.0013658133316977225 1.3658692302405912e-03 0.0013659031053446329 0.00136601014962577 9.08907221077327e-08   
45 270 8.276376707890512e-05 50.81074272719053 0.0013658133316977225 1.3658328418405905e-03 0.001365982894457397 0.0013660541313981192 1.0795310315873767e-07   
46 276 7.030323569076718e-05 53.00474136601969 0.0013657938446407988 1.3657938446407988e-03 0.0013659872091328126 0.0013660942022865731 1.4914933663926107e-07   
47 282 8.386556308257445e-05 58.90652537453222 0.0013657938446407988 1.3658457676069926e-03 0.0013659512795028753 0.001365972315383413 9.401912113822866e-08   
48 288 0.00010252437946797656 77.02719403640175 0.0013657938446407988 1.3657983535262132e-03 0.0013659401001178447 0.0013660295643909092 1.2785061415370585e-07   
49 294 8.508616384527967e-05 49.604728565942736 0.0013657938446407988 1.3658881456502779e-03 0.0013660520023970084 0.0013660772320549853 1.520344724997326e-07   
50 300 7.41936068361277e-05 44.89831577867352 0.0013657210972314515 1.3657210972314515e-03 0.0013658169081168464 0.001365876823621625 1.158593489803978e-07   
51 306 9.161539268940695e-05 35.478433451646374 0.0013657210972314515 1.3658574005005963e-03 0.0013659118876481607 0.0013659724654861514 3.846501092207716e-08   
52 312 9.716139629453853e-05 48.15042683000003 0.0013657210972314515 1.3658805047210361e-03 0.0013659607153316425 0.0013659830960872916 5.804724735603006e-08   
53 318 7.25426360330205e-05 51.16201393026879 0.0013657210972314515 1.3658164289084677e-03 0.0013659009733444282 0.0013660153405469144 1.6518856089530083e-07   
54 324 9.104290855469342e-05 46.517117057163944 0.0013657210972314515 1.3657788302954411e-03 0.001365893426802223 0.001365978663553522 7.747920786481573e-08   
55 330 0.00010187203798453838 53.61090795101712 0.0013657210972314515 1.3657738528957855e-03 0.0013658544868467564 0.0013659780275609647 6.995409354689994e-08   
56 336 7.854909243228617e-05 37.246651940182915 0.0013657210972314515 1.3657801850771429e-03 0.001365952657333617 0.0013659940474722726 1.0732944887579046e-07   
57 342 6.63627086725109e-05 33.425797595287094 0.0013657210972314515 1.3658597121329790e-03 0.0013658846147979254 0.001365913613911162 6.300111972477179e-09   
58 348 6.727296059839266e-05 32.535354335925 0.0013657210972314515 1.3657665270118947e-03 0.0013658598659963275 0.0013659775215710242 9.866881571594238e-08   
59 354 6.917004894204138e-05 34.986329126827926 0.0013657210972314515 1.3658208628390433e-03 0.0013658844101099724 0.0013659146089860593 5.2968245569393405e-08   
60 360 6.465536151744084e-05 33.92442526801002 0.0013657210972314515 1.3657968396126633e-03 0.0013658662723141982 0.0013659392218852075 5.964701276818529e-08   
61 366 4.713802461099439e-05 42.55525255613382 0.0013657210972314515 1.3657624673649076e-03 0.0013659026949326368 0.001366047010191213 1.2878526194992981e-07   
62 372 4.930946595940513e-05 35.90867712914096 0.0013657210972314515 1.3658403799533356e-03 0.0013658571210179691 0.001365939934048974 2.8319124411148658e-08   
63 378 5.027008497588919e-05 41.95857191456388 0.0013657210972314515 1.3658407354625963e-03 0.0013658823391659938 0.0013659960872740855 4.2614532225681775e-08   
64 384 5.254531124103227e-05 53.473612528596576 0.0013657210972314515 1.3657365695044529e-03 0.0013659404296450562 0.0013659705501283086 7.49784251703918e-08   
65 390 4.649829524829587e-05 67.84008661160634 0.0013657210972314515 1.3658177562475052e-03 0.0013658804926916593 0.001365901160062818 3.604910553509262e-08   
66 396 3.928416676718241e-05 58.73838475813994 0.0013657210972314515 1.3658622850663319e-03 0.0013658899477625016 0.00136591440702872 3.601080422635343e-08   
67 402 3.397185369361627e-05 60.96882595276315 0.0013657210972314515 1.3657725817248874e-03 0.0013658813883962277 0.001365949044312965 7.367722555445474e-08   
68 408 2.478390516852564e-05 66.15034041974664 0.0013657210972314515 1.3657583692286489e-03 0.0013658696192301034 0.0013659135076515634 8.672547615207887e-08   
69 414 2.8331270616986834e-05 58.59289857237517 0.0013657210972314515 1.3657664993903564e-03 0.0013658498970787374 0.0013659267762784083 1.0686568161573547e-07   
70 420 2.4382577968064102e-05 73.91634069787803 0.0013657210972314515 1.3657247958440762e-03 0.0013658467600310212 0.0013659441849931697 1.0404463280776904e-07   
71 426 2.245956698064977e-05 81.0513496311031 0.0013657210972314515 1.3657711840846356e-03 0.0013658849005867225 0.0013658935835854432 5.353063532330046e-08   
72 432 1.7684966623706197e-05 59.810048644643 0.0013657210972314515 1.3657507858800943e-03 0.0013658607776219443 0.0013659402921615952 1.1189718576720686e-07   
73 438 2.245651168573852e-05 52.76268729881646 0.0013657210972314515 1.3657896496276629e-03 0.0013658298965514171 0.0013659171795285798 7.885378393323629e-08   
74 444 2.815411160287815e-05 79.6832255558656 0.0013657210972314515 1.3658387707293346e-03 0.0013658561490168264 0.001365918292813559 3.600804818746674e-08   
75 450 2.9736409712417125e-05 93.37552591442456 0.0013657210972314515 1.3658217295985952e-03 0.0013659018878815674 0.0013659144798260615 5.5136222484137784e-08   
76 456 2.4311681210906333e-05 88.46170337742915 0.0013657210972314515 1.3658325016356403e-03 0.001365887710408816 0.0013659284652208232 5.422019654349047e-08   
77 462 2.4473664439171842e-05 87.0069591793194 0.0013657210972314515 1.3658274537767003e-03 0.0013658911999519286 0.0013659257914599892 2.7945377589246034e-08   
78 468 2.241238323425871e-05 93.87528697006941 0.0013657210972314515 1.3658131532268932e-03 0.0013658640921446253 0.0013662521572812083 9.633967634975829e-08   
79 474 2.073754246323583e-05 112.56793680074512 0.0013657210972314515 1.3657751209923516e-03 0.0013658611187443801 0.0013659144733623651 5.111133841834668e-08   
80 480 2.0470746920339295e-05 129.7278495238006 0.0013657210972314515 1.3657881320894786e-03 0.0013658778695789465 0.0013659561986599084 5.6041551173757406e-08   
81 486 2.3816193702752047e-05 133.3095682098252 0.0013657210972314515 1.3657801240113548e-03 0.0013658397055426378 0.0013659386588584926 4.317400607227288e-08   
82 492 2.9391122791882026e-05 146.6065795481423 0.0013657037688435192 1.3657037688435192e-03 0.0013658677644247013 0.0013659177924874525 1.1162659676439667e-07   
83 498 3.107185150798984e-05 126.09568743133447 0.0013657037688435192 1.3658077784612344e-03 0.0013658508461514393 0.0013659007335061599 6.157612103736311e-08   
84 504 3.2454838704325e-05 101.78069345957735 0.0013657037688435192 1.3658236272639434e-03 0.0013658683284332711 0.0013658844201065686 4.235758838664651e-08   
85 510 2.7317318502267674e-05 98.69652247813634 0.0013657037688435192 1.3657887832253829e-03 0.0013659094228309087 0.001365956092189002 8.718527447822838e-08   
86 516 2.4751064114228724e-05 104.8517510207176 0.0013657037688435192 1.3658326668598724e-03 0.0013658649073232925 0.001365973055334591 9.735454815397449e-08   
87 522 2.420606165415581e-05 87.76803608894853 0.0013657037688435192 1.3657542147126234e-03 0.0013658721084371897 0.001365929319772159 1.2912521464743254e-07   
88 528 1.76242005780511e-05 74.69233717860554 0.0013657037688435192 1.3657922385179714e-03 0.0013658441316535556 0.0013659559709810077 8.491610422895618e-08   
89 534 2.291495814505054e-05 82.44172698137073 0.0013657037688435192 1.3657719893350414e-03 0.0013658544251730638 0.0013659598043134003 9.079576586477726e-08   
90 540 2.1411091398293148e-05 123.66162137235284 0.0013657037688435192 1.3658091817462983e-03 0.0013658488323096388 0.001365920930614562 4.8294290832043285e-08   
91 546 1.5979221590447743e-05 152.0948341226399 0.0013657037688435192 1.3657994786305104e-03 0.0013659070566867438 0.0013659411939444886 7.037442195179447e-08   
92 552 1.579766119721387e-05 178.01992677652518 0.0013657037688435192 1.3657445437046448e-03 0.0013659131564500743 0.001365964293891685 4.5598816097785697e-08   
93 558 1.4649268146949184e-05 155.0893612673428 0.0013657037688435192 1.3657631097405145e-03 0.0013658317209281547 0.0013658979568983716 1.2240602682649614e-07   
94 564 1.665576586799477e-05 147.75768187897208 0.0013657037688435192 1.3657955558294044e-03 0.0013658540738211418 0.0013659610147709307 8.45189664633577e-08   
95 570 1.9320022923870973e-05 169.987853106554 0.0013657037688435192 1.3658091934654994e-03 0.0013658986877830746 0.0013659166487318569 5.8577188508622535e-08   
96 576 1.6738854768697633e-05 187.67185384072909 0.0013657037688435192 1.3657882202778428e-03 0.0013658575543151657 0.0013659020216518576 5.386813738388757e-08   
97 582 1.4349043860990363e-05 170.08116466760382 0.0013657037688435192 1.3657785754225679e-03 0.001365869893720748 0.001365891443114545 2.5723432288534895e-08   
98 588 1.5178153865818408e-05 166.20118242117968 0.0013657037688435192 1.3658439667449244e-03 0.0013659129066857054 0.0013659846081932761 8.387086953588752e-08   
99 594 1.5133129369290876e-05 149.04410093381222 0.0013657037688435192 1.3657914497778704e-03 0.0013658459062585507 0.0013658580379570053 4.620084832762661e-08   
100 600 1.5110022141286245e-05 134.68627142756438 0.0013657037688435192 1.3657900470601181e-03 0.0013659092077310392 0.0013659173861302195 9.583713368667597e-08   
101 606 1.746470674807255e-05 140.5997794830749 0.0013657037688435192 1.3658257223232535e-03 0.0013658560993539059 0.0013659726797645925 3.0789678418831345e-08   
102 612 1.5754400005777865e-05 132.70226976470246 0.0013657037688435192 1.3657879962671259e-03 0.00136585186653895 0.0013658841292669196 3.240200880912439e-08   
103 618 1.3011596234473536e-05 122.06108740566957 0.0013657037688435192 1.3657818988416920e-03 0.0013658668620938753 0.0013658938684021952 9.897428756774906e-09   
104 624 1.4612686027874057e-05 113.79446559063886 0.0013657037688435192 1.3657837673228519e-03 0.001365891428472685 0.0013659224600868975 5.979857632828177e-08   
105 630 1.1054178146631578e-05 140.72134990283914 0.0013657037688435192 1.3658183105329849e-03 0.0013658715689022064 0.001365914881802574 4.324688982230637e-08   
106 636 9.11614460243538e-06 103.06055230278409 0.0013657037688435192 1.3657164672866674e-03 0.0013658216855513947 0.0013658648648649091 1.2404984360775764e-07   
107 642 7.390843905072289e-06 125.3660473022064 0.0013657037688435192 1.3658023064858041e-03 0.001365833432497665 0.001365900403301452 3.469338920119268e-08   
108 648 6.180462895556099e-06 145.11550863429403 0.0013657037688435192 1.3658458994966756e-03 0.0013658608972694098 0.0013658849200559105 2.0104345215725752e-08   
109 654 6.154219661490483e-06 154.6726982002289 0.0013657037688435192 1.3658114892209875e-03 0.001365857133897784 0.0013658935821406794 1.2938375451316403e-08   
110 660 6.076590424458774e-06 165.18354284795322 0.0013657037688435192 1.3657696218296086e-03 0.0013658892820474077 0.0013659186284515105 7.947123667516667e-08   
111 666 4.337925961553438e-06 230.9112116869277 0.0013657037688435192 1.3657951529243385e-03 0.0013658455189436466 0.0013658891116555701 2.4293517604696835e-08   
112 672 3.2195170048632364e-06 218.25443016138763 0.0013657037688435192 1.3657696135660976e-03 0.0013658841612439626 0.0013659410771296274 8.118915422860445e-08   
113 678 3.1344814092118675e-06 203.34993876512158 0.0013657037688435192 1.3657623052279282e-03 0.0013658364574242923 0.0013659241351261762 8.841914987548286e-08   
114 684 3.4829904786949748e-06 223.15874481347728 0.0013657037688435192 1.3657624361330053e-03 0.00136584415867828 0.0013658733441119504 8.326573817398451e-08   
115 690 4.702061586253622e-06 309.1469214674304 0.0013657037688435192 1.3657453459076788e-03 0.0013658434345543847 0.001365907325654351 1.5075977403793128e-07   
116 696 5.717143868658508e-06 373.59657091329956 0.0013657037688435192 1.3658183484174468e-03 0.0013658409048337005 0.001365866352601347 2.6841134863559227e-08   
117 702 6.354037955717484e-06 380.82879547299467 0.0013657037688435192 1.3657676965998743e-03 0.0013658594292253981 0.0013658799119922091 5.7618808882962946e-08   
118 708 6.982331007469497e-06 320.53651744906387 0.0013657037688435192 1.3658043389239895e-03 0.0013659010310456004 0.001365921636662402 3.332955851478685e-08   
119 714 7.273960018814522e-06 262.14305490254003 0.0013657037688435192 1.3657624493687568e-03 0.0013658561415354842 0.0013658939708068197 8.836553971229913e-08   
120 720 7.6150321736732324e-06 225.255216433166 0.0013657037688435192 1.3658209852946710e-03 0.001365877880880448 0.001365931742880438 6.193629268074104e-08   
121 726 1.0228128537209567e-05 211.7816918269919 0.0013657037688435192 1.3657890053899923e-03 0.0013658646513947936 0.001365954939219879 9.409947993553602e-08   
122 732 1.0281029601087378e-05 257.5526800307428 0.0013657037688435192 1.3657712407560483e-03 0.0013658805368863872 0.001365960185359395 6.649614548706259e-08   
123 738 8.87126224923527e-06 306.70084465098375 0.0013657037688435192 1.3658204555283893e-03 0.0013658695514983138 0.0013659472436261832 4.1382847252267874e-08   
124 744 8.05559251433989e-06 310.3986633535133 0.0013657037688435192 1.3658048956614168e-03 0.0013658456685303143 0.001365893577728223 3.2661567546908576e-08   
125 750 1.1495977314725978e-05 239.4757441438029 0.0013657037688435192 1.3657877199769188e-03 0.001365891819658144 0.00136593450207422 8.675806314377768e-08   
126 756 9.869517322605048e-06 377.13328730697026 0.0013657037688435192 1.3658043776584331e-03 0.0013658441349904359 0.001365900745567539 9.1855364042423e-08   
127 762 1.242916527065381e-05 461.6788391743112 0.0013657037688435192 1.3657994568662356e-03 0.0013658494584933665 0.0013658729010733504 4.7059962719666476e-08   
128 768 1.571043450859356e-05 329.36767183104814 0.0013657037688435192 1.3657745402848348e-03 0.001365807089123126 0.0013659162225669178 7.414513724735353e-08   
129 774 1.348513406305239e-05 353.2807359501537 0.0013657037688435192 1.3658224274653069e-03 0.0013658463987233436 0.0013659153817140806 7.091508314621166e-08   
130 780 1.1642496774637939e-05 361.6197787206133 0.0013657037688435192 1.3657736318798347e-03 0.001365858641405784 0.0013658696010639335 6.00523317793953e-08   
131 786 9.240143572389632e-06 371.3753610451724 0.0013657037688435192 1.3657811559169275e-03 0.0013658171028944192 0.0013659012498550272 6.918445584675782e-08   
132 792 7.940828305478906e-06 423.8130188079344 0.0013657037688435192 1.3657876667948518e-03 0.0013658776260101774 0.0013659220449602166 9.589822876857751e-08   
133 798 6.4982217900738566e-06 439.8650619823699 0.0013657037688435192 1.3657862489792644e-03 0.0013658671725734696 0.0013658948259567727 2.1203161523200217e-08   
134 804 5.4196910202226045e-06 522.9501351673237 0.0013657037688435192 1.3657861623458791e-03 0.0013658628452847374 0.0013659518673343682 5.774391065196775e-08   
135 810 5.023081786818724e-06 474.9609905729833 0.0013657037688435192 1.3657483760485685e-03 0.001365882223951582 0.0013659507763660356 1.1804318866804296e-07   
136 816 4.719614100922037e-06 477.70222674388526 0.0013657037688435192 1.3658368600520121e-03 0.0013658548220428304 0.0013658932134069145 4.54592004300175e-08   
137 822 3.7000926779451854e-06 410.9392570106042 0.0013657037688435192 1.3658467350227057e-03 0.0013658658356538334 0.0013658707966806242 1.0092534766031544e-08   
138 828 3.0291228215324606e-06 357.49620547934813 0.0013657037688435192 1.3658165245765313e-03 0.0013658897555683704 0.0013659367487351495 7.925970127767822e-08   
139 834 2.309077827124329e-06 425.50200330969335 0.0013656765331682146 1.3656765331682146e-03 0.0013658635784675487 0.0013659097006259665 1.2327262604097666e-07   
140 840 1.7439919667841228e-06 470.33817230174174 0.0013656765331682146 1.3658048623618863e-03 0.001365831583318478 0.001365902092347688 7.530429172049845e-08   
141 846 1.4737247835448895e-06 565.8710564325531 0.0013656765331682146 1.3657009133072552e-03 0.0013658881735145799 0.0013659082689423865 5.204259988082251e-08   
142 852 1.406740351348931e-06 605.1050922129269 0.0013656765331682146 1.3657818091416672e-03 0.0013658527658572499 0.001365938490651924 7.052359633839649e-08   
143 858 1.084737655015241e-06 667.6675634124061 0.0013656765331682146 1.3657660085642208e-03 0.0013658804196649867 0.0013659034311047226 2.313770554492056e-08   
144 864 9.031727706889862e-07 867.4044865884521 0.0013656765331682146 1.3658227371474653e-03 0.001365864866425265 0.0013659166445113822 5.7448420634964234e-08   
145 870 8.88315049493427e-07 894.3394202564284 0.0013656765331682146 1.3658014494578935e-03 0.0013658544757610554 0.001365889078620554 5.602016664939778e-08   
146 876 1.0185963630839966e-06 947.6551853205891 0.0013656765331682146 1.3658114458406795e-03 0.0013658268084078466 0.0013659188668858787 4.2834475230462896e-08   
147 882 1.439981425046034e-06 1126.7551129650985 0.0013656765331682146 1.3658336536971295e-03 0.0013658806200594832 0.0013658871044150542 3.372041454548745e-08   
148 888 1.514624400920318e-06 1292.3427214559701 0.0013656765331682146 1.3658010443976282e-03 0.0013658747516846952 0.001365906211550886 7.071496622881694e-08   
149 894 1.4149463103265366e-06 1072.5368819127223 0.0013656765331682146 1.3657195358723496e-03 0.0013658311514610432 0.001365901668082404 1.0055527577008255e-07   
150 900 1.6929473009509001e-06 1145.9858130916894 0.0013656765331682146 1.3658136230181596e-03 0.0013658503301754404 0.0013658908229254793 4.274365552866047e-08   
151 906 1.518817407608046e-06 832.793954514177 0.0013656765331682146 1.3658181727845367e-03 0.0013658642561678092 0.0013658910876531813 4.428747603000237e-08   
152 912 1.3321179011531552e-06 918.849999148538 0.0013656765331682146 1.3657607114338265e-03 0.0013658783314418124 0.0013659138203046255 9.758699232140407e-08   
153 918 1.3251610731656294e-06 732.9364621974833 0.0013656765331682146 1.3657590396958569e-03 0.001365799422838957 0.0013658188998999228 5.008242225188614e-08   
154 924 1.0386524796968074e-06 788.2588420659325 0.0013656765331682146 1.3657754394578929e-03 0.0013658355515604745 0.0013658625569892377 4.35776281641851e-08   
155 930 1.0621103877226814e-06 601.0397119785814 0.0013656765331682146 1.3657624723570948e-03 0.0013658409789520883 0.0013659626187088273 8.852782205849737e-08   
156 936 1.008655599497937e-06 495.2594293689758 0.0013656765331682146 1.3657513235463224e-03 0.0013658434358495496 0.0013658634403953358 5.387777818723419e-08   
157 942 8.562827785395991e-07 525.3584681506244 0.0013656765331682146 1.3657611194183644e-03 0.001365811515323297 0.0013658577581683424 6.936951305134414e-08   
158 948 7.448667192713937e-07 461.44256481058613 0.0013656765331682146 1.3657468938245898e-03 0.001365861239590982 0.0013658982281942276 4.695280473904391e-08   
159 954 8.054174045330823e-07 417.9823299752251 0.0013656765331682146 1.3658195425150412e-03 0.0013658400390025806 0.0013658700615307008 2.5191010200346572e-08   
160 960 7.329282529153858e-07 555.3060218710947 0.0013656765331682146 1.3657603989002318e-03 0.0013658337453220063 0.0013658878364811908 5.463384866255874e-08   
161 966 1.0186789551773637e-06 542.3861776012196 0.0013656765331682146 1.3657964838443520e-03 0.001365830354433291 0.001365868271797538 5.01650910728936e-08   
162 972 8.278038574876313e-07 414.8395356318952 0.0013656765331682146 1.3657886209063053e-03 0.0013658879263095235 0.001365932289888173 9.92608787224198e-08   
163 978 7.377456167985815e-07 402.77937509173506 0.0013656765331682146 1.3657770563680982e-03 0.0013658086996401354 0.0013658676547817403 1.0655649579924611e-08   
164 984 1.3620600663339565e-06 510.2357614427088 0.0013656765331682146 1.3657668423848991e-03 0.0013658371876876516 0.0013659029169899898 1.9223842110402747e-08   
165 990 1.0281004183227276e-06 637.9546405686793 0.0013656765331682146 1.3657583975021836e-03 0.001365847401047681 0.0013658684808795357 3.998394738457915e-08   
166 996 8.467354613371262e-07 665.5655566913259 0.0013656765331682146 1.3657561381161846e-03 0.0013658682037337195 0.0013659067783637967 6.448690728893397e-08   
167 1002 6.536572436587167e-07 682.8251099971701 0.0013656765331682146 1.3657703369254813e-03 0.001365857756649081 0.0013659016593823327 9.148709890051746e-08   
168 1008 5.176943358738041e-07 732.5777196481827 0.0013656765331682146 1.3658415357575972e-03 0.0013658633281500283 0.0013658845800348118 2.3036354823485414e-08   
169 1014 5.421824988026448e-07 777.8771137457194 0.0013656765331682146 1.3657666420963110e-03 0.0013658495284200167 0.0013658958842758377 6.137897390931339e-08   
170 1020 5.025851249950882e-07 939.139474110637 0.0013656765331682146 1.3657884072089336e-03 0.0013658616350932533 0.0013658966644210775 8.551575242919142e-08   
171 1026 5.192184814959447e-07 1128.2530769540751 0.0013656765331682146 1.3657438085896041e-03 0.001365839133868817 0.001365876632238359 9.3541873972397e-08   
172 1032 5.778268367808665e-07 1324.239754305976 0.0013656765331682146 1.3657488468684766e-03 0.0013658408464862226 0.001365867811498583 7.89947696303115e-08   
173 1038 4.896822864981116e-07 1508.9364954724551 0.0013656765331682146 1.3658141366388109e-03 0.0013658535259175645 0.0013658804510784342 4.794804098857616e-08   
174 1044 4.4232312596842766e-07 1611.7912509266523 0.0013656765331682146 1.3657928038107324e-03 0.0013658308914780187 0.0013658456488318514 3.122883181477104e-08   
175 1050 3.8486739863991726e-07 1479.2369388815478 0.0013656765331682146 1.3657796239577070e-03 0.0013658045789582012 0.001365859987229663 3.331963255434264e-08   
176 1056 3.1497503163839646e-07 1632.1629486537815 0.0013656765331682146 1.3656954849029924e-03 0.0013658415366521377 0.0013658709836942373 3.3180073380446526e-08   
177 1062 2.9941383572869074e-07 1546.128763008636 0.0013656765331682146 1.3657821536470947e-03 0.0013658203392003959 0.0013658352934193094 1.4031595199333682e-08   
178 1068 2.472575699052162e-07 1842.4460531767681 0.0013656765331682146 1.3657534943431135e-03 0.0013657892397702265 0.0013658574170552977 5.914383849662218e-08   
179 1074 2.124342147386771e-07 1733.2589924279132 0.0013656765331682146 1.3657804305412450e-03 0.0013658583003301511 0.0013658659029771136 1.482366583519315e-08   
180 1080 2.221273942869032e-07 2113.7441807746477 0.0013656765331682146 1.3657929414194001e-03 0.0013658256231342094 0.0013658505790924344 3.164889761267213e-08   
181 1086 1.691394417649087e-07 2410.395188683582 0.0013656765331682146 1.3657762263318135e-03 0.0013658302920412202 0.0013658568564361327 5.3979067288906224e-08   
182 1092 1.715234968358245e-07 2571.593740972847 0.0013656765331682146 1.3657217166024602e-03 0.0013658165388577565 0.001365881252196589 8.175880359295902e-08   
183 1098 1.48514496601195e-07 3246.8722758912522 0.0013656765331682146 1.3657929901521810e-03 0.001365816857095258 0.0013659653974124014 6.983256251318244e-08   
184 1104 1.4490831254630066e-07 3827.3508470399233 0.0013656765331682146 1.3657913085130952e-03 0.0013658085797622938 0.0013658822008316485 6.300518025077577e-08   
185 1110 1.7175724089788393e-07 4068.6311401595704 0.0013656765331682146 1.3657916839171357e-03 0.0013658011977127097 0.0013658781242711121 1.7089809858060467e-08   
186 1116 1.9934115571334583e-07 4067.3186035645053 0.0013656765331682146 1.3657612301713421e-03 0.0013658101055506165 0.0013658307206505856 5.8732856744085973e-08   
187 1122 1.6456667177220933e-07 4733.117531515116 0.0013656765331682146 1.3657725580140247e-03 0.0013658078937543012 0.0013658844101384108 5.356425749020004e-08   
188 1128 1.7514619061093734e-07 3928.095073090931 0.0013656765331682146 1.3657905894571929e-03 0.0013658477689961674 0.0013658564224857106 9.594425210476126e-09   
189 1134 1.4383023819995775e-07 3354.558633814234 0.0013656765331682146 1.3658013621882683e-03 0.0013658079037031454 0.001365902009693425 2.510173989435545e-08   
190 1140 1.1891751088148833e-07 3975.099463794787 0.0013656765331682146 1.3657712927865929e-03 0.001365819596853777 0.0013658495607546614 4.3424061383148804e-08   
191 1146 1.4960608725255486e-07 4334.867014756935 0.0013656765331682146 1.3657864851008424e-03 0.0013658175066937836 0.0013658544582845925 3.333347030256423e-08   
192 1152 1.346444716191887e-07 5175.675199600166 0.0013656765331682146 1.3657287233750318e-03 0.0013658666615749492 0.0013659153709611848 7.696584588146732e-08   
193 1158 1.5916732764408659e-07 4722.462686158943 0.0013656765331682146 1.3658113723017200e-03 0.0013658195544044302 0.0013658511530587124 1.684049456699213e-08   
194 1164 1.9364278939528427e-07 5986.734019294961 0.0013656765331682146 1.3657399214895912e-03 0.001365803406449148 0.001365856271500558 5.910008247958336e-08   
195 1170 2.0182168669615625e-07 7301.860255433088 0.0013656765331682146 1.3657381459188571e-03 0.0013658295627832426 0.0013659152001961015 1.0429635773599732e-07   
196 1176 2.0967480730690083e-07 8115.119377647022 0.0013656765331682146 1.3657666806292446e-03 0.0013658108654048156 0.0013659001851633308 3.67190741343542e-08   
197 1182 2.0207790765780713e-07 8194.047537589047 0.0013656765331682146 1.3657516798719364e-03 0.001365819637665317 0.001365867755478332 5.776630712336396e-08   
198 1188 2.1042377199281218e-07 10927.997375260082 0.0013656765331682146 1.3657638719071536e-03 0.0013658053258208433 0.001365875008429014 2.8639065191831542e-08   
199 1194 1.9221770101095148e-07 12708.583355532233 0.0013656765331682146 1.3657345886703381e-03 0.0013658102415745343 0.001365897196810029 6.967417518518974e-08   
200 1200 1.521779026686002e-07 12421.277911276868 0.0013656765331682146 1.3657707332163981e-03 0.0013658627457681326 0.0013658751616768513 7.339132398706018e-08   
201 1206 1.299226049143486e-07 13575.689786558978 0.0013656765331682146 1.3657756245415347e-03 0.0013658429583514385 0.00136587155407041 8.625254446672885e-08   
202 1212 1.4207589121320617e-07 13323.557635950228 0.0013656765331682146 1.3657817720208285e-03 0.001365832256083342 0.0013658685436888076 4.755949385205384e-08   
203 1218 1.1633651906416859e-07 14147.53532157795 0.0013656765331682146 1.3657662945474474e-03 0.0013658659429744118 0.001365925079994399 9.264554373688595e-08   
204 1224 9.326545298179875e-08 15055.573439764976 0.0013656765331682146 1.3657781535216095e-03 0.0013658401791752238 0.0013658841907749036 7.700780219315612e-08   
205 1230 9.66892498411059e-08 15506.864832498364 0.0013656765331682146 1.3657530040438951e-03 0.0013657851534442324 0.0013658470534645573 3.656533106876671e-08   
206 1236 1.0044037090560578e-07 16782.471438604985 0.0013656765331682146 1.3658318673447885e-03 0.0013658507216325838 0.0013658872553500771 1.8414034127145137e-08   
207 1242 1.2410112598050934e-07 16207.364778686911 0.0013656765331682146 1.3657828603215961e-03 0.0013658344457627895 0.001365866331304758 4.870427293608183e-08   
208 1248 9.200191449085026e-08 22730.46052939778 0.0013656765331682146 1.3657722750696291e-03 0.0013658462876295198 0.0013658617598199347 5.698439752835002e-08   
209 1254 8.46368641400224e-08 24271.199152001667 0.0013656765331682146 1.3657830871222547e-03 0.001365823959282542 0.0013658774023850206 3.619208685566935e-08   
210 1260 8.670941989001625e-08 25958.637664926664 0.0013656765331682146 1.3657684308001257e-03 0.0013658435893375766 0.0013659247667805146 3.082366710027533e-08   
211 1266 9.561729101372805e-08 30313.780270983854 0.0013656765331682146 1.3657200166978648e-03 0.0013657825420847344 0.0013658631133822326 6.035828468455018e-08   
212 1272 1.0471475918242916e-07 23306.38765594233 0.0013656765331682146 1.3657878491729690e-03 0.0013658115714105775 0.0013658516670255348 4.854183390662348e-08   
213 1278 1.4652983941848468e-07 23034.87976277496 0.0013656765331682146 1.3657658723504613e-03 0.0013658205451975672 0.0013658695584594467 5.885790631612875e-08   
214 1284 1.494887923452312e-07 16863.59555521844 0.0013656765331682146 1.3657742721116120e-03 0.0013658391782286074 0.0013659002407439519 2.7526027874136966e-08   
215 1290 1.4155982822150273e-07 22541.347293391347 0.0013656765331682146 1.3657400045171790e-03 0.001365771257954758 0.0013658047663821563 4.326238141469027e-08   
216 1296 1.173463042307144e-07 27164.901412528703 0.0013656765331682146 1.3657281471179353e-03 0.001365812035568828 0.0013658323454211869 3.154921572449433e-08   
217 1302 9.891887664448212e-08 24014.15730554726 0.0013656765331682146 1.3657846964586276e-03 0.0013658380748213011 0.0013661415011121233 8.269100831262595e-08   
218 1308 1.0326285149806082e-07 27705.920314111467 0.0013656765331682146 1.3657349836369928e-03 0.0013658198129004857 0.0013658836689322655 4.519388104419833e-08   
219 1314 7.409159293102333e-08 33057.37188103142 0.0013656765331682146 1.3657563201809263e-03 0.001365791382094661 0.0013658768222946395 1.689628040691532e-08   
220 1320 6.04956401625684e-08 28141.890671143745 0.0013656765331682146 1.3657302212609281e-03 0.0013658350336471896 0.0013658730784400226 2.8110551615612156e-08   
221 1326 5.07572458845752e-08 28139.467416985663 0.0013656765331682146 1.3657014458738615e-03 0.001365798253404258 0.0013658568864581312 1.17537317490847e-07   
222 1332 3.936590150460577e-08 32315.382580719015 0.0013656765331682146 1.3657467688881326e-03 0.0013658262775094873 0.00136586077492465 7.825291900272549e-08   
223 1338 4.1318022682554164e-08 30116.68448212291 0.0013656765331682146 1.3657577399002422e-03 0.001365866994304552 0.0013658831284228952 6.210783316069543e-08   
224 1344 3.4680222411158066e-08 34057.1448867751 0.0013656765331682146 1.3657426359930736e-03 0.001365819225965509 0.0013658882385543195 2.7686137701659827e-08   
225 1350 3.911890314588668e-08 31082.05943077275 0.0013656765331682146 1.3658285802320687e-03 0.0013658528913381477 0.0013658916613660417 2.9425613338107323e-08   
226 1356 5.20416955778776e-08 36370.34420760214 0.0013656765331682146 1.3657419495221208e-03 0.0013658776732236224 0.001365888206692763 7.916170702499184e-08   
227 1362 5.630179064765382e-08 51888.39234617482 0.0013656765331682146 1.3657934177905829e-03 0.0013658340775992233 0.001365856982620092 2.1271513048594717e-08   
228 1368 6.044620450742214e-08 67047.8126229389 0.0013656765331682146 1.3657209719221319e-03 0.001365814106406998 0.0013658342642527516 2.527740406679975e-08   
229 1374 7.507965365591573e-08 80459.58237950744 0.0013656765331682146 1.3657932787076261e-03 0.001365886942904318 0.0013659231434996377 7.782880079320632e-08   
230 1380 7.72064446903484e-08 81095.91970629332 0.0013656765331682146 1.3657778694271968e-03 0.0013658463378692196 0.0013659151300102511 2.794383211651187e-08   
231 1386 7.572165768083e-08 79697.74072624066 0.0013656765331682146 1.3657815474724308e-03 0.0013658703558507826 0.0013659144785334045 1.0409950101583632e-07   
232 1392 6.969820129980502e-08 87163.44742107597 0.0013656765331682146 1.3658032359635853e-03 0.0013658577544805681 0.0013658718413822894 3.757425991244949e-08   
233 1398 7.769065442894695e-08 83154.12636005186 0.0013656765331682146 1.3657836655696261e-03 0.0013658235970527542 0.0013658633749753148 5.419683279635559e-08   
234 1404 1.0015443488516129e-07 111548.82922600165 0.0013656765331682146 1.3657785738842741e-03 0.0013658110857118486 0.0013658845047885065 9.249246596463971e-08   
235 1410 1.2323515704295822e-07 134921.48997744033 0.0013656765331682146 1.3657543378723515e-03 0.0013658168480102627 0.0013658466904115912 7.887682025023088e-08   
236 1416 1.3582375678515846e-07 97672.53442292694 0.0013656765331682146 1.3657456582860539e-03 0.0013658537947715186 0.0013659029617394544 1.0213060559608779e-07   
237 1422 1.5978172570593603e-07 108727.87148214446 0.0013656765331682146 1.3657254887175529e-03 0.0013657921578493378 0.0013659299466082127 1.6054330619161977e-07   
238 1428 1.6964014257407495e-07 110429.95403420048 0.0013656765331682146 1.3657554699261678e-03 0.0013658512312436414 0.0013658639707417844 7.632362585842899e-08   
239 1434 1.6811711607993889e-07 98877.3872880144 0.0013656765331682146 1.3657744352814146e-03 0.0013658398518682493 0.0013658670243881443 6.813432992585841e-08   
240 1440 1.321062000912302e-07 118584.72807412012 0.0013656765331682146 1.3657758946937610e-03 0.0013658203972605793 0.0013658514484685088 3.655323566617921e-08   
241 1446 1.8749468463301707e-07 118934.3830021878 0.0013656765331682146 1.3658076965284507e-03 0.0013658384796676074 0.0013658784986847325 4.491496461778502e-08   
242 1452 1.9060224937641748e-07 189457.75324839755 0.0013656765331682146 1.3657761932658506e-03 0.0013658110202689696 0.0013658306352411621 3.755293907932965e-08   
243 1458 1.6426927856462698e-07 204029.87785358095 0.0013656765331682146 1.3658257981703080e-03 0.001365850320986623 0.0013658736921777536 3.912970846474406e-08   
244 1464 1.4215374881353047e-07 193836.45567534538 0.0013656765331682146 1.3657587956320350e-03 0.0013658334268164987 0.001365908801686747 5.329115609063219e-08   
245 1470 1.4950726358819807e-07 192924.4059170735 0.0013656765331682146 1.3657244637901246e-03 0.001365807290286858 0.001365852987697302 5.7639474531842594e-08   
246 1476 1.2399496914331788e-07 227405.92397548354 0.0013656765331682146 1.3657556304443070e-03 0.0013658251313952902 0.0013658739840022964 6.58079311397896e-08   
247 1482 1.0395395310992514e-07 233983.18373979267 0.0013656765331682146 1.3657344843536231e-03 0.0013658382293965624 0.001365860700024516 4.354177255186907e-08   
248 1488 9.066004558641006e-08 258509.843923007 0.0013656765331682146 1.3657873186238398e-03 0.0013658340863570968 0.0013658700571081818 8.054157986793313e-08   
249 1494 8.861155726603631e-08 287666.2881059246 0.0013656765331682146 1.3657684400214499e-03 0.0013658177604766754 0.00136586482210158 4.786695055299453e-08   
250 1500 1.2390623243715825e-07 345614.1171662824 0.0013656765331682146 1.3657423434915111e-03 0.0013657877440645973 0.0013658398713672362 3.0959649709779574e-08   
251 1506 1.3247805174577882e-07 499889.17846765363 0.0013656765331682146 1.3657660514105182e-03 0.0013658333210538453 0.0013658851066924702 4.143183216973566e-08   
252 1512 1.4840201235564335e-07 491802.29574377043 0.0013656765331682146 1.3657585305656495e-03 0.0013658408068878383 0.001365843400943464 6.326431937369627e-08   
253 1518 1.368438872423901e-07 610333.1744897204 0.0013656765331682146 1.3657611013962634e-03 0.001365857154805208 0.0013659160313289273 8.704601186918827e-08   
254 1524 1.3583533041423877e-07 638194.5264689729 0.0013656765331682146 1.3657509690863329e-03 0.0013658019434170713 0.0013658572474232068 4.274456606571421e-08   
255 1530 1.3914798511123178e-07 927024.3257180053 0.0013656765331682146 1.3658027455091290e-03 0.0013658451178912108 0.0013658883279907773 6.435669659687893e-08   
256 1536 1.2935369651769753e-07 963173.119315597 0.0013656765331682146 1.3657960809711483e-03 0.0013658594176113737 0.0013658845572125746 5.926118311241728e-08   
257 1542 1.1747446352923551e-07 773437.5681023137 0.0013656765331682146 1.3658053694989966e-03 0.0013658231346413935 0.0013659086125091746 1.563787889219577e-08   
258 1548 8.695517670961856e-08 674583.2601579804 0.0013656765331682146 1.3657906365483561e-03 0.001365838797448289 0.00136588253406539 4.9550833605086636e-08   
259 1554 8.213580820110404e-08 696295.0146025878 0.0013656765331682146 1.3658207977692426e-03 0.0013658625762445519 0.0013658998137434394 6.402669233945141e-08   
260 1560 6.880726255291944e-08 755740.0412078332 0.0013656765331682146 1.3657756000156841e-03 0.0013658256451415007 0.0013658360674718344 4.9415627805405454e-08   
261 1566 5.531674903909647e-08 685613.346812481 0.0013656765331682146 1.3657345969828099e-03 0.0013658209552840524 0.0013658725883807902 5.924058306904477e-08   
262 1572 5.85950697496085e-08 702364.8968111426 0.0013656765331682146 1.3657674407266051e-03 0.0013658571106595228 0.0013658782838702529 9.185228294888298e-08   
263 1578 5.4705680443531846e-08 862484.801169293 0.0013656765331682146 1.3657658258949346e-03 0.0013658428715098694 0.0013658812469312118 5.857488826485971e-08   
264 1584 6.267979730194598e-08 638997.5339659698 0.0013656765331682146 1.3657879061053752e-03 0.0013658134104944607 0.001365825487121401 1.3309097259169012e-08   
265 1590 7.756027080052515e-08 847185.8194680333 0.0013656765331682146 1.3658058561929328e-03 0.0013658364878853997 0.0013658506158499492 3.245985797230115e-08   
266 1596 8.267653018551163e-08 653691.7012679975 0.0013656765331682146 1.3656878851482210e-03 0.0013657991337185662 0.0013658901725753154 6.163163843143048e-08   
267 1602 6.574409275255453e-08 517951.21423815814 0.0013656765331682146 1.3657697279618063e-03 0.0013658257220475003 0.0013658632558751198 6.116094775944492e-08   
268 1608 7.056608575999121e-08 594487.9418830839 0.0013656765331682146 1.3657786737741413e-03 0.0013658555254431031 0.0013658671701513028 2.5633225186547093e-08   
269 1614 5.892728871126478e-08 601748.9931037552 0.0013656765331682146 1.3657939236747898e-03 0.0013658417419349581 0.0013658998513277772 3.1489060684473935e-08   
270 1620 5.1105681551959175e-08 560443.9612009884 0.0013656765331682146 1.3657443946546647e-03 0.0013658363526051294 0.0013658450427624356 3.6799279567577975e-08   
271 1626 4.52488458309793e-08 595317.1906464866 0.0013656765331682146 1.3657901000930926e-03 0.0013658130661762533 0.0013658702590949494 5.8352087196900104e-08   
272 1632 5.426657325049296e-08 567933.7855468853 0.0013656765331682146 1.3657579097374408e-03 0.0013658183854899583 0.0013658540718864973 6.060764424164165e-08   
273 1638 7.241910004870443e-08 811762.924230948 0.0013656765331682146 1.3657256173174740e-03 0.0013658130232634493 0.0013658455154480198 2.907515413630088e-08   
274 1644 8.31762578452077e-08 1131714.8387804418 0.0013656765331682146 1.3657855449180102e-03 0.0013658307543914102 0.001365851282750943 2.257990024167114e-08   
275 1650 1.0204600572900738e-07 1.0000250003125026 0.0013656765331682146 1.3658102006662532e-03 0.0013658413213735647 0.0013658856006741268 5.6948178607475405e-08   
276 1656 9.777862848695195e-08 1.6695018820595084 0.0013656765331682146 1.3657264768746340e-03 0.0013658324834817555 0.0013658629896125185 1.3036377197140833e-08   
277 1662 9.061247782633993e-08 1.4214119909734078 0.0013656765331682146 1.3658028704302116e-03 0.0013658421750242927 0.0013658920770730255 6.836182165877516e-08   
278 1668 1.0235522707384398e-07 1.359295564607018 0.0013656765331682146 1.3658000342275471e-03 0.0013658105759605625 0.0013658734024609273 8.193579579792235e-09   
279 1674 9.266060789888115e-08 1.7396691071984978 0.0013656765331682146 1.3657918863824291e-03 0.0013658412528808116 0.0013659005741495157 5.867393115008106e-08   
280 1680 6.827228908079837e-08 1.9796402405809799 0.0013656765331682146 1.3657972887436318e-03 0.0013658286011678695 0.001365883471901425 3.160853834314331e-08   
281 1686 4.9176216318189084e-08 2.040474185753651 0.0013656765331682146 1.3657464670228780e-03 0.001365829621088408 0.0013658977640865337 7.357026021162158e-08   
282 1692 5.7777553837542535e-08 1.886293900673299 0.0013656765331682146 1.3657648957478633e-03 0.0013658421604579383 0.0013659038512707645 4.1779872566368587e-08   
283 1698 5.052861393717323e-08 2.2495075081633704 0.0013656765331682146 1.3657774934199320e-03 0.0013658340205259262 0.0013659251287587854 5.281007255347574e-08   
284 1704 3.899725935747745e-08 2.3702063089345664 0.0013656765331682146 1.3658266341511124e-03 0.0013658770085724341 0.0013659045306269727 2.38236198429366e-08   
285 1710 3.650198381197019e-08 2.6569379112444715 0.0013656765331682146 1.3657549149142991e-03 0.0013658252579482248 0.0013659063632259368 6.058326870164374e-08   
286 1716 4.187758111807492e-08 3.1817622409326063 0.0013656765331682146 1.3657694163216093e-03 0.0013658073452990653 0.001365827530934903 4.2623849143145e-08   
287 1722 4.430580109735072e-08 4.037036450860607 0.0013656765331682146 1.3657780064696228e-03 0.0013658333965122968 0.0013658518654030805 4.399518206449522e-08   
288 1728 3.6237032651647976e-08 3.1960387747426244 0.0013656765331682146 1.3657753431985714e-03 0.001365798188042618 0.001365862163639699 4.829407639940497e-08   
289 1734 2.9103561473287103e-08 3.0122162111480897 0.0013656765331682146 1.3657888179339161e-03 0.0013658168746605445 0.0013658393689968697 3.6427937042922756e-08   
290 1740 2.1607096927093612e-08 2.4253900872231267 0.0013656765331682146 1.3657744543719974e-03 0.0013658186413675268 0.0013658686434478865 4.418758391957697e-08   
291 1746 2.8503987803615882e-08 1.9811432851483013 0.0013656765331682146 1.3657841344019480e-03 0.0013658283159059565 0.001365854142930939 4.512903562913645e-08   
292 1752 2.3094624949074158e-08 2.1072562854692958 0.0013656765331682146 1.3657879823178148e-03 0.0013658460675857358 0.0013658493820503483 4.7229537387125445e-08   
293 1758 2.78143599788148e-08 2.8490541869588806 0.0013656765331682146 1.3657923531365990e-03 0.0013658315562940298 0.0013658926987751225 5.077882857989005e-08   
294 1764 2.699724416231117e-08 1.9578990532842315 0.0013656765331682146 1.3658017949877150e-03 0.0013658407130145128 0.0013659177515272733 1.19512293299609e-08   
295 1770 3.2390495166263683e-08 1.9778382275985893 0.0013656765331682146 1.3657397044307962e-03 0.0013658324135156562 0.0013658624584025815 8.609161751375882e-08   
296 1776 2.4733491368022122e-08 2.8289177478124463 0.0013656765331682146 1.3657776104051738e-03 0.0013657987211661215 0.0013658413952901992 4.142178164075021e-08   
297 1782 3.400471775821099e-08 3.136459499966746 0.0013656765331682146 1.3656942473644757e-03 0.0013658246231095389 0.0013658455112378698 3.470683086694189e-08   
298 1788 3.7707993068071396e-08 2.066464049487169 0.0013656765331682146 1.3657910819800049e-03 0.001365847151378073 0.0013658836224823005 4.124608739665761e-08   
299 1794 3.9142801856723045e-08 1.6809211774162276 0.0013656765331682146 1.3658011924739639e-03 0.0013658386625941337 0.0013658684409211992 5.528494750710322e-08   
300 1800 3.196304875597808e-08 2.05685943576726 0.0013656765331682146 1.3657715144687100e-03 0.0013658499658705243 0.0013658568310742471 1.4831629420713338e-08   
301 1806 4.988998552000245e-08 2.186995108301242 0.0013656254946851206 1.3656254946851206e-03 0.00136582381308005 0.0013658577192339671 1.1053507970710218e-07   
302 1812 7.550246350935084e-08 2.347577783101703 0.0013656254946851206 1.3657834859141375e-03 0.0013658331119573628 0.0013658539811144384 3.071441129253241e-08   
303 1818 6.563663608273661e-08 2.2823552441064936 0.0013656254946851206 1.3657783724882924e-03 0.0013658475953462854 0.0013658675268676196 7.060896412198515e-08   
304 1824 5.442223614552405e-08 2.5463089496798155 0.0013656254946851206 1.3657920433720805e-03 0.0013658190616362995 0.0013658465380541236 4.265426213818403e-08   
305 1830 5.564777240622924e-08 2.6339830189736144 0.0013656254946851206 1.3657817450658581e-03 0.0013658222779314192 0.0013658637584530783 2.5682914553534428e-08   
306 1836 6.153896292072608e-08 3.034896111321067 0.0013656254946851206 1.3657793441029836e-03 0.0013658422543346342 0.001365967686912666 3.2208472985906234e-08   
307 1842 5.3839419247206434e-08 2.8870320810439987 0.0013656254946851206 1.3657686204713222e-03 0.0013658306427375229 0.0013658833333670005 4.9145960726157054e-08   
308 1848 5.07477409693958e-08 2.8490715242481612 0.0013656254946851206 1.3657577584357328e-03 0.0013658465380541236 0.0013659007705536825 7.629656466551574e-08   
309 1854 3.9230998730193773e-08 2.904592738648544 0.0013656254946851206 1.3658020077632639e-03 0.0013658497943240143 0.0013658866474178684 8.03334206224502e-08   
310 1860 3.214634499883689e-08 3.1054623792416076 0.0013656254946851206 1.3657627383468667e-03 0.0013658106381750897 0.0013658674608468904 6.521039562870125e-08   
311 1866 4.581913141787989e-08 2.7439613084270125 0.0013656254946851206 1.3657983669403723e-03 0.0013658601719768637 0.0013658866474178684 4.634265265805737e-08   
312 1872 4.309407440636743e-08 3.0021005956136677 0.0013656254946851206 1.3658014642520988e-03 0.0013658378857756334 0.0013658704008293562 2.8095415223038794e-08   
313 1878 3.420086257450798e-08 3.7592917080450885 0.0013656254946851206 1.3657613140663129e-03 0.0013658417988885035 0.0013658532533863345 5.334796835537725e-08   
314 1884 2.5615287588957232e-08 3.71897351273999 0.0013656254946851206 1.3657701780377329e-03 0.0013657972480069528 0.0013658866474178684 5.877109664057835e-08   
315 1890 2.5444813080159364e-08 3.6857865681829605 0.0013656254946851206 1.3657874247044418e-03 0.0013658387809141555 0.0013658692488261008 1.7003891308224953e-08   
316 1896 2.286765608456147e-08 3.4832706351975475 0.0013656254946851206 1.3657227868069742e-03 0.0013658180500739656 0.0013658453511250907 3.45823265039593e-08   
317 1902 1.8440258889900333e-08 3.792895150981244 0.0013656254946851206 1.3657752120554234e-03 0.0013658021777169889 0.0013658259475691022 4.924913549740097e-08   
318 1908 5.0125820652496436e-08 4.162962631533362 0.0013656254946851206 1.3657751495671565e-03 0.0013658380897054571 0.0013658804736323682 5.840765606953714e-08   
319 1914 1.2884578766762672e-07 4.168240468219565 0.0013656254946851206 1.3657928810854169e-03 0.0013658399928210352 0.0013658554034548848 4.17505738074201e-08   
320 1920 1.7203309605466641e-07 3.993348313268191 0.0013656254946851206 1.3657770717254291e-03 0.001365823663828674 0.0013658599547607087 4.090476233556059e-08   
321 1926 1.7200010295640468e-07 4.605781840326395 0.0013656254946851206 1.3657527651861428e-03 0.0013658060300258967 0.0013658263094780275 1.5097939128072557e-08   
322 1932 1.3664583024798256e-07 3.1127228377705447 0.0013656254946851206 1.3657616485379697e-03 0.0013658353746162347 0.001365887732513847 7.962673655528309e-08   
323 1938 1.279871804864262e-07 3.0356374588185884 0.0013656254946851206 1.3658248444513568e-03 0.001365857740013068 0.0013658718683529324 1.4860488010059666e-08   
324 1944 1.2061155780024653e-07 3.4253713408555075 0.0013656254946851206 1.3657698239842981e-03 0.0013658471070848793 0.0013658876867764312 8.878035581542411e-08   
325 1950 1.2799229248462683e-07 4.434987658061968 0.0013656254946851206 1.3657845072506730e-03 0.0013658070196359677 0.0013658387245428524 1.944727901046113e-08   
326 1956 1.0870076261855227e-07 3.7940770792939955 0.0013656254946851206 1.3657954919742024e-03 0.0013658209126494647 0.0013658513293993732 2.452670972590866e-08   
327 1962 1.8711887657348916e-07 4.194944880235182 0.0013656254946851206 1.3657653213585293e-03 0.0013657780064696228 0.0013658735482197676 2.8896581008661798e-08   
328 1968 1.584406288752328e-07 4.421317274620068 0.0013656254946851206 1.3657956482119444e-03 0.0013658876867764312 0.0013658952729376627 6.691046728702146e-08   
329 1974 1.304359660550398e-07 4.536767386065148 0.0013656254946851206 1.3657883730287959e-03 0.0013658405205520742 0.0013658555683104382 3.139557096958935e-08   
330 1980 1.2548295246562645e-07 3.8808219161652375 0.0013656254946851206 1.3657106523270693e-03 0.0013658117646842072 0.0013658192532231379 1.7975639163801682e-08   
331 1986 9.528891408540139e-08 3.355114271094382 0.0013656254946851206 1.3657959979846244e-03 0.0013658228024087755 0.0013658404528023528 3.587606638199084e-08   
332 1992 7.23652702498413e-08 2.677557442526984 0.0013656254946851206 1.3657933739634647e-03 0.0013658220272110392 0.0013658466642897764 3.153824534060483e-08   
333 1998 6.50762786548961e-08 3.1883948772362682 0.0013656254946851206 1.3657496016486739e-03 0.001365868253375485 0.0013659112708302326 5.6116380711072195e-08   
334 2004 1.7689566573134132e-07 2.7508319026498724 0.0013656254946851206 1.3657641985221148e-03 0.0013658430359169203 0.001365921348070745 1.0443160829826624e-07   
335 2010 3.143069261919125e-07 2.6912771855301467 0.0013656254946851206 1.3658143663324500e-03 0.0013658222779314192 0.0013658769004775474 2.3349250494013318e-08   
336 2016 4.0553792993081247e-07 2.303221853759862 0.0013656254946851206 1.3657209241427629e-03 0.0013657950245542735 0.0013658659776757444 6.224479196328438e-08   
337 2022 6.403243703516888e-07 2.1565529129692553 0.0013656254946851206 1.3658077518335396e-03 0.001365830222451486 0.001365876588283676 1.9352316293083996e-08   
338 2028 5.960381074918684e-07 2.2920691423119375 0.0013656254946851206 1.3657854780375082e-03 0.0013658131337435538 0.0013658656205709331 2.317197672239632e-08   
339 2034 4.9953527681393e-07 2.194097401868715 0.0013656254946851206 1.3658115013995696e-03 0.0013658311573667063 0.001365901203588984 4.835813874185836e-08   
340 2040 4.835194077180102e-07 2.4999158985231924 0.0013656254946851206 1.3657885113283626e-03 0.0013658098335669294 0.001365850345878494 1.2170776927944438e-08   
341 2046 4.042706005105257e-07 2.567115492710255 0.0013656254946851206 1.3657294111515607e-03 0.001365829114151918 0.0013658695077943947 4.677049919620327e-08   
342 2052 3.726694837942971e-07 2.462813024695104 0.0013656254946851206 1.3657637286205416e-03 0.0013658256366485347 0.0013658578137591192 9.53372149324963e-09   
343 2058 3.778670655322642e-07 2.719725764671921 0.0013656254946851206 1.3657573736598756e-03 0.0013658426257278826 0.0013658630185233464 2.7789533889538767e-08   
344 2064 3.100226911644968e-07 2.2246053787580573 0.0013656254946851206 1.3657862306634871e-03 0.0013658028021654612 0.0013658366837844083 3.58968040227621e-08   
345 2070 2.300616848677584e-07 2.026942848431193 0.0013656254946851206 1.3657834501589049e-03 0.0013658125905314485 0.0013658654739943839 2.619573398043168e-08   
346 2076 3.634454555947272e-07 2.084137217578708 0.0013656254946851206 1.3657962007294078e-03 0.001365843548208515 0.0013658527006945229 5.0096722310202443e-08   
347 2082 4.5669964382477666e-07 2.8950566036706245 0.0013656254946851206 1.3657519976415975e-03 0.001365806458454052 0.0013658583527319712 4.821241175951077e-08   
348 2088 5.268359369072537e-07 2.8245160896743515 0.0013656254946851206 1.3657739495690783e-03 0.0013658417539169636 0.001365886131968249 5.9011458222995444e-08   
349 2094 4.101891842009199e-07 2.3694298896904833 0.0013656254946851206 1.3657747729371060e-03 0.0013658505828692492 0.0013658948840873633 9.541979134608525e-08   
350 2100 3.950825948016508e-07 2.1094082616324332 0.0013656254946851206 1.3657340341307594e-03 0.0013658318320719828 0.0013658686982386584 7.456523747843141e-09   
351 2106 5.55717040578161e-07 2.4369616359872635 0.0013656254946851206 1.3657768608925163e-03 0.0013658126147652121 0.0013658610620075771 4.570319260153652e-08   
352 2112 4.5082540430516143e-07 2.718523598716613 0.0013656254946851206 1.3657240811464088e-03 0.0013658174599931096 0.001365849200260882 4.415291520723161e-08   
353 2118 5.397943924452649e-07 2.884069645165131 0.0013656254946851206 1.3657398673721361e-03 0.0013658263026221698 0.0013658529234610213 7.044132577802356e-08   
354 2124 4.3956028939488214e-07 2.4133040419489205 0.0013656254946851206 1.3657686703465817e-03 0.0013658439974768353 0.0013658507147767478 4.1770632456389345e-08   
355 2130 3.1337884647874595e-07 2.7217673777572235 0.0013656254946851206 1.3657456516896701e-03 0.001365829854854736 0.0013658490442920892 2.9484315804606184e-08   
356 2136 4.390890495816515e-07 2.910959504536636 0.0013656254946851206 1.3657447045958560e-03 0.0013657939838154325 0.0013658739948095714 3.073968706120665e-08   
357 2142 4.969288259015227e-07 4.378770500261094 0.0013656254946851206 1.3657749290182733e-03 0.0013657897584767272 0.0013658942247492677 3.024666961424366e-08   
358 2148 7.523309705875299e-07 4.269201387872736 0.0013656254946851206 1.3656870474291942e-03 0.001365820870043463 0.0013658295351500678 4.118292128260821e-08   
359 2154 7.954911456526176e-07 4.679478826679593 0.0013656254946851206 1.3657433976639534e-03 0.0013657961080587708 0.0013658356689068003 3.407069350367005e-08   
360 2160 5.59770634479097e-07 5.268387768347802 0.0013656254946851206 1.3657825561062009e-03 0.0013658381158669238 0.0013658653689117087 3.9164572428022904e-08   
361 2166 4.667565338805769e-07 4.647138592911258 0.0013656254946851206 1.3657989745981623e-03 0.001365836194265567 0.0013658393301670278 3.654985109122384e-08   
362 2172 5.367877783170856e-07 5.0088059470029105 0.0013656254946851206 1.3657451357940271e-03 0.0013658017076713827 0.0013658566692985458 7.896999148441358e-08   
363 2178 5.872145703154959e-07 4.279016584137664 0.0013656254946851206 1.3658065575793328e-03 0.001365852286470883 0.0013658693174021849 3.51435975346967e-08   
364 2184 4.7498200717769254e-07 3.863554519410182 0.0013656254946851206 1.3657804087410868e-03 0.0013658323860339526 0.0013658799831198255 3.555141102232033e-08   
365 2190 4.987456175952529e-07 4.456150490904309 0.0013656254946851206 1.3657780535895172e-03 0.0013658221232055118 0.0013658516865902174 3.28293089627181e-08   
366 2196 5.674089073480095e-07 4.26203334640315 0.0013656254946851206 1.3657342326280654e-03 0.0013658583026129613 0.0013658652662320702 6.894573384083613e-08   
367 2202 6.446540430656618e-07 6.05122257120217 0.0013656254946851206 1.3657901367580766e-03 0.0013658167115747583 0.0013658406960377952 2.9550595928790405e-08   
368 2208 5.701148819144931e-07 5.345762532957065 0.0013656254946851206 1.3657848689571581e-03 0.0013658250195937379 0.0013659212513857152 8.335597178861856e-08   
369 2214 9.156952668506686e-07 4.904016933539587 0.0013656254946851206 1.3657328692921894e-03 0.0013658401999784057 0.001365856664152457 4.294286928049201e-08   
370 2220 1.6669436852628083e-06 5.514588136637783 0.0013656254946851206 1.3657846792000578e-03 0.0013658100720986429 0.0013658443181307812 5.111741595200531e-08   
371 2226 1.9062871998390875e-06 5.610341823824234 0.0013656254946851206 1.3658254416944952e-03 0.0013658533223002494 0.0013659299746501478 4.628480896468057e-08   
372 2232 1.99373052635201e-06 5.083230304643432 0.0013656254946851206 1.3657390796682841e-03 0.0013658342761417766 0.0013658763226227335 6.68608896867498e-08   
373 2238 2.221651709269656e-06 5.554267280664481 0.0013656254946851206 1.3657612793533437e-03 0.0013658494794140743 0.0013658865116989243 7.990908686855182e-08   
374 2244 2.380741606432366e-06 5.7498579499035785 0.0013656254946851206 1.3657704280852446e-03 0.001365827148207302 0.0013658819871137646 2.6225618646137303e-08   
375 2250 2.463601936113666e-06 4.871478276765581 0.0013656254946851206 1.3658115542592982e-03 0.0013658885060601575 0.001365933345636733 5.520588357917251e-08   
376 2256 2.7060274410692025e-06 5.445823182832274 0.0013656254946851206 1.3657323795288475e-03 0.0013658293252224794 0.0013659294461686954 8.269093810945108e-08   
377 2262 2.2854262413615666e-06 5.674455097916618 0.0013656254946851206 1.3657774155371926e-03 0.0013658592769186882 0.0013658841787658358 5.755710221692738e-08   
378 2268 2.0018407377660184e-06 5.8266851563282875 0.0013656254946851206 1.3657597967158955e-03 0.0013658768131844068 0.0013658859229088555 6.57800781149985e-08   
379 2274 1.460908565703566e-06 5.665485850259136 0.0013656254946851206 1.3657626395394112e-03 0.0013658013932179788 0.0013658895883900373 8.835225112158521e-08   
380 2280 1.4136423609091379e-06 5.594565523441107 0.0013656254946851206 1.3657686603227080e-03 0.0013658094205952452 0.0013658412816500056 4.9410525181353e-08   
381 2286 1.2422123709749651e-06 6.124218123289863 0.0013656254946851206 1.3657710448184306e-03 0.0013658122330535835 0.0013658949757311047 4.271952908346116e-08   
382 2292 9.71133049521162e-07 6.101368090741225 0.0013656254946851206 1.3657245667439190e-03 0.001365811322066933 0.001365827780494702 8.754325917046529e-08   
383 2298 8.268032024687728e-07 5.249568861392996 0.0013656254946851206 1.3657866754475507e-03 0.0013658341396901583 0.0013658712459536453 6.567934774021934e-08   
384 2304 9.956881672239807e-07 5.173219826059579 0.0013656254946851206 1.3657624256034383e-03 0.0013658330369239365 0.0013658492850940633 3.9943047892452774e-08   
385 2310 9.427883172636629e-07 7.103635614063491 0.0013656254946851206 1.3657455288062516e-03 0.0013658460848740347 0.0013658491129626802 8.994212999055042e-08   
386 2316 8.261883246229986e-07 5.597484536270156 0.0013656254946851206 1.3657485030884986e-03 0.0013658027766849734 0.0013658294364636487 5.877651984499861e-08   
387 2322 1.3012907990227934e-06 5.325460667150132 0.0013656254946851206 1.3657681308263565e-03 0.0013658221853560047 0.0013658661083949981 6.428729212946266e-08   
388 2328 1.768140182282352e-06 5.6185736405684485 0.0013656254946851206 1.3657996475596186e-03 0.0013658638224099133 0.0013659158618819923 3.866135040624455e-08   
389 2334 2.0665430735686953e-06 4.311250775462738 0.0013656254946851206 1.3657882242231389e-03 0.0013658191099913633 0.0013658445539138535 3.2103716817756534e-08   
390 2340 1.8141279788140164e-06 3.787485487544264 0.0013656254946851206 1.3657984185657590e-03 0.0013658194738299 0.0013658720114423065 5.0072308739861765e-08   
391 2346 1.4428384979612758e-06 3.6029669928278225 0.0013656254946851206 1.3657287946731008e-03 0.0013657999403526215 0.00136583188766214 6.467080020111649e-08   
392 2352 1.488972274877021e-06 3.7671538796811763 0.0013656254946851206 1.3657907054013636e-03 0.0013658270019367839 0.0013658564236610998 6.279325992768897e-08   
393 2358 1.1682364031606562e-06 3.4892878631346234 0.0013656254946851206 1.3657951494167743e-03 0.0013658528736255752 0.0013659005636694917 8.160646055134849e-08   
394 2364 1.1318724749905589e-06 3.4908002290181344 0.0013656254946851206 1.3657488805490867e-03 0.0013658081075648136 0.0013658633857933943 1.030788073603725e-07   
395 2370 1.1420207687490363e-06 2.811450071191859 0.0013656254946851206 1.3657946200645761e-03 0.0013658470929739615 0.0013658651450211645 2.768313402080544e-08   
396 2376 9.880712103686106e-07 3.220238278646179 0.0013656254946851206 1.3658099288906009e-03 0.0013658697853105425 0.0013659121326980777 9.41699981615602e-08   
397 2382 7.523193742478556e-07 3.8417168486625863 0.0013656254946851206 1.3657458906084479e-03 0.0013658584083434085 0.001365862732725478 1.0235296179898247e-07   
398 2388 7.4209219184749e-07 4.7115802901976505 0.0013656254946851206 1.3657996475596186e-03 0.0013658414345284187 0.0013658899501693559 7.916001702181971e-08   
399 2394 8.793289151726579e-07 4.509550223390668 0.0013656254946851206 1.3657566037808737e-03 0.0013658023322838313 0.0013658808784766884 6.580708641662665e-08   
400 2400 1.115867423352415e-06 5.970493166726783 0.0013656254946851206 1.3657443624795337e-03 0.001365827429809422 0.0013658821929462672 4.531981805588545e-08   
401 2406 1.3157783045336626e-06 9.221654688512468 0.0013656254946851206 1.3657466474348273e-03 0.0013658259320547138 0.0013659055300753026 8.041108942829882e-08   
402 2412 1.497732884813237e-06 9.54208960348126 0.0013656254946851206 1.3657563251367091e-03 0.0013658301429984063 0.0013658662890503935 6.748040479111379e-08   
403 2418 1.2401841837570712e-06 11.241942019124156 0.0013656254946851206 1.3657514940988672e-03 0.0013658536381448828 0.0013658594139587977 6.510180139179984e-08   
404 2424 1.1986639405633886e-06 13.725432189849743 0.0013656254946851206 1.3657546062405717e-03 0.0013658331117511974 0.0013658518229527996 6.510692356488483e-08   
405 2430 2.5583618486226137e-06 14.69002891729015 0.0013656254946851206 1.3657810324926834e-03 0.0013658312847154156 0.0013658525968158002 5.087283875171607e-08   
406 2436 4.017103146648663e-06 14.553602450172377 0.0013656254946851206 1.3657474239108704e-03 0.0013658124125844168 0.0013658536381448828 5.6528584027907766e-08   
407 2442 4.139809490031532e-06 15.066268745110746 0.0013656254946851206 1.3657374887336830e-03 0.0013658047849680528 0.0013658970955228457 4.792048197035763e-08   
408 2448 4.8008971264996554e-06 14.216672071782169 0.0013656254946851206 1.3657813009906683e-03 0.0013658234042493464 0.0013658460199650361 3.6315224498763635e-08   
409 2454 4.877479071824217e-06 16.855412871795966 0.0013656254946851206 1.3657942037148105e-03 0.0013658407828093203 0.0013658606647731126 3.0079725692232565e-08   
410 2460 4.754017233880544e-06 20.447232616507126 0.0013656254946851206 1.3657666294240158e-03 0.0013658352027134284 0.0013658502594301083 4.55958879116633e-08   
411 2466 4.087455049534728e-06 24.893022739471014 0.0013656254946851206 1.3657692381589606e-03 0.0013658532668903549 0.0013659354811507646 9.13098839902364e-08   
412 2472 6.561157436852496e-06 24.817471148210235 0.0013656254946851206 1.3657851832523608e-03 0.0013658257738366699 0.0013658637062601892 2.4618424497319796e-08   
413 2478 8.146211527267786e-06 22.580192393297374 0.0013656254946851206 1.3657869328421062e-03 0.0013658454356834026 0.0013658810421836413 4.4353910242950906e-08   
414 2484 8.842155146759747e-06 23.082492429042535 0.0013656254946851206 1.3658018845272013e-03 0.0013658655930650519 0.0013659523742987948 7.643751475088639e-08   
415 2490 1.0004581218354933e-05 22.762953746677468 0.0013656254946851206 1.3657874349568642e-03 0.0013658169610708453 0.0013658359669544882 1.8396877275467932e-08   
416 2496 8.944222625925972e-06 24.70444881883325 0.0013656254946851206 1.3657533336369899e-03 0.0013658336950208756 0.0013658519794561477 3.244113613962325e-08   
417 2502 9.930415279178883e-06 22.593662418193215 0.0013656254946851206 1.3657743066160899e-03 0.0013658041431135006 0.0013658589855687516 5.021388252012156e-08   
418 2508 8.30432300247373e-06 15.118394614447068 0.0013656254946851206 1.3657673047102299e-03 0.001365803319330447 0.0013658275324867116 2.8880042668736824e-08   
419 2514 6.852430840789324e-06 16.456032367145305 0.0013656254946851206 1.3658092227785284e-03 0.0013658227069096845 0.001365924641859616 3.248908012390937e-08   
420 2520 7.872625512247467e-06 14.35378370743183 0.0013656254946851206 1.3657284542500329e-03 0.0013657860513754923 0.0013658019610023671 4.3892297863770344e-08   
421 2526 1.230049650588256e-05 10.053567411600268 0.0013656254946851206 1.3657129746552576e-03 0.0013658153521548988 0.001365829331501613 3.976827414316035e-08   
422 2532 1.73473508150643e-05 8.459273289830154 0.0013656254946851206 1.3657995833213136e-03 0.0013658208714548749 0.0013658588410461279 2.1090049839552275e-08   
423 2538 1.6330963204056053e-05 5.948748044511722 0.0013656254946851206 1.3657729412113479e-03 0.0013658031631899525 0.001365897946174113 4.068969004940824e-08   
424 2544 1.7859941690954937e-05 6.023941926252406 0.0013656254946851206 1.3657820769276152e-03 0.0013658018086753032 0.0013658526827674995 6.017390915473257e-08   
425 2550 2.3604769691021015e-05 6.403149726999577 0.0013656254946851206 1.3657280608739210e-03 0.0013658188802207778 0.0013659081161236488 8.783811163387382e-08   
426 2556 2.3591648195852585e-05 7.21414614012412 0.0013656254946851206 1.3657370291252984e-03 0.0013658376556051172 0.0013659197134263006 9.122285244637235e-08   
427 2562 2.3694466505142547e-05 7.838929189833714 0.0013656254946851206 1.3657495949274210e-03 0.0013658223048743335 0.001365857119618278 4.1398590567990126e-08   
428 2568 2.081417400526515e-05 6.180254755262638 0.0013656254946851206 1.3657788261369674e-03 0.0013658216631083425 0.001365887114420376 9.63915121139549e-08   
429 2574 1.8057541120191092e-05 5.05179129809388 0.0013656254946851206 1.3657515895069959e-03 0.001365841698964273 0.001365884127559452 4.6232101508442494e-08   
430 2580 1.896698227260331e-05 5.005126934260081 0.0013656254946851206 1.3658002431763308e-03 0.0013658317813734977 0.0013658844376528304 3.4912276041486334e-08   
431 2586 1.7751942204538013e-05 5.832480289422122 0.0013656254946851206 1.3657796748356647e-03 0.0013658208732972787 0.001365841996640024 3.54648818231499e-08   
432 2592 1.5470487775738684e-05 7.253696270961915 0.0013656254946851206 1.3657922855736498e-03 0.001365851325226937 0.0013658805939372447 5.6547835938737176e-08   
433 2598 1.4416599383107475e-05 7.003777608362853 0.0013656254946851206 1.3657595885195062e-03 0.0013658451795854122 0.0013659031965142976 1.155184880634319e-07   
434 2604 2.0359489867338262e-05 7.636310852877883 0.0013656254946851206 1.3657799049295765e-03 0.0013658335652151064 0.0013658849008254923 6.751754981298118e-08   
435 2610 1.7200373604803207e-05 5.554348230631861 0.0013656254946851206 1.3657784045609561e-03 0.001365813119196883 0.001365842593134831 3.546768489646156e-08   
436 2616 1.4961085971399951e-05 5.301423541591708 0.0013656254946851206 1.3657692675696324e-03 0.001365818170808349 0.0013659089773541497 5.2608701682542794e-08   
437 2622 1.3362041889563168e-05 6.0030462688173145 0.0013656254946851206 1.3658182168204496e-03 0.001365851114177094 0.0013658592999444602 3.296732296485458e-08   
438 2628 1.1611797706298485e-05 6.000010572823341 0.0013656254946851206 1.3657746570052635e-03 0.0013658192925082118 0.001365848066421866 6.02581943479237e-08   
439 2634 1.3569838572549809e-05 5.8631340220614785 0.0013656254946851206 1.3657861559384812e-03 0.00136583885559902 0.0013658876966521185 5.974192408288691e-08   
440 2640 1.7353974090888488e-05 5.414505410423642 0.0013656254946851206 1.3657355080980667e-03 0.0013658537450721513 0.0013658829226406216 9.361666541540109e-08   
441 2646 2.2272534874193056e-05 8.557748299129988 0.0013656254946851206 1.3657512649530663e-03 0.0013658441132912617 0.0013659113620516708 7.190755324298567e-08   
442 2652 2.0845737749641493e-05 9.056540118552265 0.0013656254946851206 1.3657595967111861e-03 0.0013658214488862913 0.0013658482926729274 5.50402698452912e-08   
443 2658 1.8019474189298055e-05 10.602671795547652 0.0013656254946851206 1.3657818746368974e-03 0.001365847274964169 0.0013658744170307767 6.840010344363531e-08   
444 2664 1.6866192357941262e-05 8.612286256579429 0.0013656254946851206 1.3657617003281957e-03 0.0013658400862095333 0.0013658830840483779 1.1669134168928313e-07   
445 2670 1.7759071799388802e-05 9.554031009268709 0.0013656254946851206 1.3657591424482121e-03 0.0013658440191458387 0.0013658970793591794 1.3941503173046585e-08   
446 2676 2.4452344273143233e-05 7.718756269694128 0.0013656254946851206 1.3658002431763308e-03 0.0013658235426848905 0.001365860815371469 3.3611957663990874e-08   
447 2682 2.98748150610225e-05 6.646018208512617 0.0013656254946851206 1.3657515895829303e-03 0.001365799093971541 0.0013658172080961949 2.998256051094973e-08   
448 2688 3.0081112062228043e-05 5.3064840702902405 0.0013656254946851206 1.3657662989733010e-03 0.0013658386716254274 0.0013658831112050424 4.465596569695057e-08   
449 2694 3.0037347111148297e-05 6.183122014875458 0.0013656254946851206 1.3658077840911962e-03 0.0013658404708438926 0.0013658665743409022 3.26649751444634e-08   
450 2700 4.355815190339956e-05 7.10051578399946 0.0013656254946851206 1.3657905573269155e-03 0.0013658306663301997 0.0013658652045065922 3.8047511351571583e-08   
451 2706 4.599130340544707e-05 9.178193156780022 0.0013656254946851206 1.3657725418537985e-03 0.0013658129616971157 0.0013659055751077864 4.268549776424886e-08   
452 2712 4.3830649649302864e-05 8.693062299820395 0.0013656254946851206 1.3657484237559567e-03 0.0013658247413251845 0.0013659048012168086 7.873719444170292e-08   
453 2718 4.5074070528003294e-05 8.391671883180301 0.0013656254946851206 1.3657804644413621e-03 0.0013658466091962037 0.0013658701187080104 8.128784156360112e-08   
454 2724 3.5388163317476914e-05 11.430573335782016 0.0013656254946851206 1.3658068394226859e-03 0.0013658324673058208 0.0013658467352692246 2.6321787561850093e-08   
455 2730 2.836163856680841e-05 13.479535441050178 0.0013656254946851206 1.3657701757524210e-03 0.0013658523161086658 0.0013658826743825955 7.020184763129218e-08   
456 2736 2.3647676216230057e-05 15.569209736908375 0.0013656254946851206 1.3657628844414356e-03 0.001365803981137619 0.0013658113500440998 3.5896326603442746e-08   
457 2742 1.970788494920776e-05 14.827017080574896 0.0013656254946851206 1.3657628844414356e-03 0.001365851613596543 0.0013658699136333908 4.493587400832347e-08   
458 2748 2.2370576065782317e-05 16.20422682885144 0.0013656254946851206 1.3658108673074464e-03 0.0013658339135774404 0.00136586672293921 3.440888403025144e-08   
459 2754 2.8715642818943307e-05 16.072396798192656 0.0013656254946851206 1.3657990242078508e-03 0.0013658339766123122 0.0013658545514280056 3.5035722353903356e-08   
460 2760 2.201923958280958e-05 16.115137886526192 0.0013656254946851206 1.3657792103766346e-03 0.0013658578667533326 0.0013658631185719072 2.5228058532196854e-08   
461 2766 2.0047312581431194e-05 14.532479613944503 0.0013656254946851206 1.3657604334104947e-03 0.0013658599363076077 0.0013658680051929282 4.371568959192669e-08   
462 2772 2.3706176656370467e-05 16.21895424951218 0.0013656254946851206 1.3657977235929607e-03 0.0013658203693208229 0.0013658494145154464 2.906203219851973e-08   
463 2778 1.853507262425296e-05 24.652367509237795 0.0013656254946851206 1.3658218360121793e-03 0.0013658616972464757 0.0013658779393849638 3.0114134277805377e-08   
464 2784 1.843928273384382e-05 24.582010223390867 0.0013656254946851206 1.3657709792690002e-03 0.001365840017360114 0.0013658709250448028 4.045198828185083e-08   
465 2790 1.6635967661062375e-05 24.676021772653613 0.0013656254946851206 1.3657772703320713e-03 0.0013658427447544976 0.0013658651632133612 3.50952991858694e-08   
466 2796 2.3595461876142594e-05 28.399158504443754 0.0013656254946851206 1.3657538620157914e-03 0.0013658257193269127 0.001365908564208038 8.709813476546514e-08   
467 2802 2.045428236078492e-05 27.43602916710873 0.0013656254946851206 1.3657613293172729e-03 0.0013658416413169572 0.0013659023236188117 4.80940151401793e-08   
468 2808 2.2229759193091338e-05 28.0418881698067 0.0013656254946851206 1.3657529457395297e-03 0.001365820091221961 0.001365839597679305 7.037198393043849e-08   
469 2814 2.2372611884247784e-05 27.85820349806493 0.0013656254946851206 1.3657767355556519e-03 0.0013658052731801585 0.0013658755072312556 2.2380601139493014e-08   
470 2820 1.7083109135350597e-05 24.94262402262477 0.0013656254946851206 1.3657549835835656e-03 0.0013658455294951548 0.0013658660105062598 6.437322539864371e-08   
471 2826 1.2714203475196845e-05 27.388968134650117 0.0013656254946851206 1.3657549835835656e-03 0.001365852729721235 0.0013659131576848383 5.435251985703819e-08   
472 2832 1.6786260479232867e-05 27.5569820091232 0.0013656254946851206 1.3657490024447628e-03 0.0013658110670165759 0.0013658252356475162 6.510763839542334e-08   
473 2838 3.074601123870053e-05 29.720618859374436 0.0013656254946851206 1.3657757972545921e-03 0.0013658522922371306 0.0013658851039398093 3.748784899626663e-08   
474 2844 2.986747033072599e-05 23.86846968513095 0.0013656254946851206 1.3657591156162080e-03 0.0013658392874197449 0.0013658821919859858 4.0266846490846775e-08   
475 2850 2.6502611059397707e-05 26.173841006299202 0.0013656254946851206 1.3657907980482089e-03 0.0013658041270325281 0.0013658528960698462 1.092265250251731e-08   
476 2856 3.567715795041514e-05 23.93439551313398 0.0013656254946851206 1.3656757572938797e-03 0.00136579954783324 0.0013658744976581202 9.25387901946819e-08   
477 2862 4.985304761707689e-05 20.283520811128586 0.0013656254946851206 1.3657768515813048e-03 0.0013658311872406714 0.001365866119563014 4.099617286704854e-08   
478 2868 5.632359518686493e-05 24.205151983908355 0.0013656254946851206 1.3658090706244906e-03 0.0013658312591597413 0.001365873979574204 5.1080126640176e-08   
479 2874 5.392150585157009e-05 34.14576290877396 0.0013656254946851206 1.3657625461712571e-03 0.001365855673062089 0.0013658709823074968 3.1912866223964345e-08   
480 2880 4.849194902559642e-05 26.93372605846393 0.0013656254946851206 1.3657589602679994e-03 0.0013658515082253537 0.0013658647075518585 3.764617585461788e-08   
481 2886 6.24289608536037e-05 23.47416021119724 0.0013656254946851206 1.3657917265684323e-03 0.001365833655396063 0.0013658662533384794 3.584866736512475e-08   
482 2892 6.867298656408185e-05 39.01058560034452 0.0013656254946851206 1.3656974594359317e-03 0.0013658074343240428 0.0013658913172274573 3.2109184847431416e-08   
483 2898 5.367930186857159e-05 36.1994181353785 0.0013656254946851206 1.3657436084020848e-03 0.0013658063499680337 0.0013658357734369713 2.2389502587647978e-08   
484 2904 5.66346379412077e-05 40.23434688058696 0.0013656254946851206 1.3657520536194173e-03 0.001365859045850375 0.00136587201797362 6.093678131362246e-08   
485 2910 6.73664673823326e-05 33.41854251426644 0.0013656254946851206 1.3657656668887377e-03 0.001365837484408803 0.0013658555274795405 3.417922204615974e-08   
486 2916 5.835334772247777e-05 35.350409904194514 0.0013656254946851206 1.3657903175074452e-03 0.0013658444348495524 0.0013658794602682814 6.73716704709549e-08   
487 2922 5.927125319058297e-05 33.666190352576514 0.0013656254946851206 1.3657936778917288e-03 0.0013658367642014318 0.0013658682722040008 6.288007521897294e-08   
488 2928 8.693670369736569e-05 39.17907049179997 0.0013656254946851206 1.3657878394426996e-03 0.001365815203016404 0.0013658262515722527 2.8192885677706322e-08   
489 2934 8.644974354448466e-05 51.986765620754404 0.0013656254946851206 1.3657516154548053e-03 0.0013658429284495526 0.0013658888000583325 6.696968240550716e-08   
490 2940 9.358878218534527e-05 56.20736975313497 0.0013656254946851206 1.3657449845000402e-03 0.0013658274893336114 0.0013658678845668566 3.4877333088007695e-08   
491 2946 0.00011174764861260258 54.20099602919626 0.0013656254946851206 1.3657776850375372e-03 0.0013658231539330995 0.001365837810537961 1.5479358152475226e-08   
492 2952 8.646281282080468e-05 64.54872836842357 0.0013656254946851206 1.3657919059879048e-03 0.0013658318209066372 0.001365908440277702 4.8128765851602334e-08   
493 2958 0.00010435836797461257 61.020756539500645 0.0013656254946851206 1.3658192381718693e-03 0.0013658341516680896 0.001365859964319426 3.083481352260213e-08   
494 2964 0.00011496808660334552 62.217455028480785 0.0013656254946851206 1.3658038758675077e-03 0.001365843771155195 0.001365870399830945 2.6698770352754156e-08   
495 2970 0.00016223458387851282 50.70983616122203 0.0013656254946851206 1.3658013017328527e-03 0.001365825972079901 0.0013658275880954547 5.780675236882402e-09   
496 2976 0.0001771039147092606 40.28243062979633 0.0013656254946851206 1.3657870434567196e-03 0.0013658636403956939 0.001365913954245129 9.87990695770248e-08   
497 2982 0.00014738293641809155 45.45842517878927 0.0013656254946851206 1.3657833714745713e-03 0.0013658289092567187 0.0013658384916057375 3.490770485864436e-08   
498 2988 0.00014282479097728532 40.575389976712785 0.0013656254946851206 1.3657429409622804e-03 0.0013658615237782908 0.0013658694196940207 2.0948383655343406e-08   
499 2994 0.00019388626571178314 42.94869879842173 0.0013656254946851206 1.3657397705330123e-03 0.0013658331319425666 0.0013659046687171084 4.271497937736318e-08   
500 3000 0.00025375847682957705 31.455705483852824 0.0013656254946851206 1.3657422178697334e-03 0.0013657976734103528 0.0013658508093016975 6.13024727267545e-08   
501 3006 0.00018482406266394824 35.02108899152253 0.0013656254946851206 1.3657740686536753e-03 0.0013658106466325679 0.0013658343869015262 1.7875941146165003e-08   
502 3012 0.0001806849480213126 33.238368815725615 0.0013656254946851206 1.3657726349735129e-03 0.0013658420736400829 0.001365857297745079 2.087314041380149e-08   
503 3018 0.0001394212708729447 40.699410957653086 0.0013656254946851206 1.3658156429888499e-03 0.0013658316905753609 0.001365865601610592 2.0217990156839658e-08   
504 3024 0.00018116514059689681 50.259593622786134 0.0013656254946851206 1.3658048880519236e-03 0.0013658383634460422 0.0013658650786916428 4.113040224140892e-08   
505 3030 0.0001751619325669567 52.23379504175185 0.0013656254946851206 1.3657670358038876e-03 0.0013658455180685393 0.00136588106340285 7.053263152635887e-08   
506 3036 0.00015128256898916238 48.80121296115582 0.0013656254946851206 1.3657833645363093e-03 0.0013658225579028698 0.0013658707209389643 2.9636919021127847e-08   
507 3042 0.0001799339900017449 41.08121655179661 0.0013656254946851206 1.3657574837953935e-03 0.0013658338102962829 0.0013658676659582568 9.842566941163644e-08   
508 3048 0.0001668116426497007 32.8192537310844 0.0013656254946851206 1.3658017530550309e-03 0.0013658139133240666 0.001365910035345762 6.607448427807527e-09   
509 3054 0.00016365991567678347 35.203809375790144 0.0013656254946851206 1.3657740698458350e-03 0.0013658043300166945 0.0013658750797150808 3.929870781940216e-08   
510 3060 0.00013668815891320344 33.04907508008669 0.0013656254946851206 1.3657535677698239e-03 0.001365798515261805 0.001365836015697957 5.7046079897198065e-08   
511 3066 0.0001517395839796913 32.11818910557049 0.0013656254946851206 1.3657773881109053e-03 0.001365822989831378 0.0013658643289568497 4.7007465395253537e-08   
512 3072 0.00016131117635073317 34.91538478786959 0.0013656254946851206 1.3657412171138672e-03 0.0013658206492531983 0.0013658417129719291 6.312180176140138e-08   
513 3078 0.00018140591124598095 41.331511782467814 0.0013656254946851206 1.3657692433474439e-03 0.0013658188333569414 0.0013658897378406763 6.754045542831967e-08   
514 3084 0.00021543580343254842 56.72608651346435 0.0013656254946851206 1.3657483327871678e-03 0.0013658439881675639 0.001365881110071553 5.9099948415599485e-08   
515 3090 0.00023803988926292933 68.72199858471454 0.0013656254946851206 1.3657983933558497e-03 0.001365838775880653 0.0013658949855264331 8.718675848732454e-08   
