% # columns="iteration, evaluation, sigma, void, void,  stds==sigma*sigma_vec.scaling*sqrt(diag(C))", seed=42, Mon Apr 28 17:03:23 2025, <python>{}</python>
1 6 0.008640403892788875 0 0 0.007703057151543964 0.008187892510727738
2 12 0.010084140927204095 0 0 0.00732400337470155 0.012150998069223304
3 18 0.010845184527438769 0 0 0.006772504372871157 0.013043465200788982
4 24 0.014840903451666968 0 0 0.007514029065858776 0.024178921443535645
5 30 0.012516107408460101 0 0 0.005496771952220351 0.01933349064039576
6 36 0.010607613265477892 0 0 0.004297456136796628 0.015264307682493183
7 42 0.00891139157304312 0 0 0.00289024705717246 0.012648301003104101
8 48 0.007289383327648431 0 0 0.002018292584968545 0.010337777316457786
9 54 0.0056011174341147755 0 0 0.0012801377571588592 0.007591379854722634
10 60 0.004405855682424385 0 0 0.0008934551257974572 0.005527844807364599
11 66 0.004617381797763784 0 0 0.0007664537012233999 0.006776951911102085
12 72 0.004658317072343982 0 0 0.000636661230465621 0.007325650697579722
13 78 0.003922629390178244 0 0 0.0004796105419262208 0.005672434755205791
14 84 0.0051376486255234706 0 0 0.0005236681267339624 0.009365615960634652
15 90 0.0036778754788236506 0 0 0.000363869427457933 0.005390875628456783
16 96 0.0028383545031751196 0 0 0.00024348558069318537 0.0037048145952934134
17 102 0.0029270943537211664 0 0 0.00022589394511945404 0.0040915375100825675
18 108 0.0024806804703727875 0 0 0.00019233373533294437 0.0029667721537706324
19 114 0.0023662319087309983 0 0 0.00015717694999137062 0.0027282206923822344
20 120 0.002041600397453837 0 0 0.00010720301723957798 0.0023783188429726647
21 126 0.0018848507743567777 0 0 9.100625660276408e-05 0.002168677698914476
22 132 0.0015527757412925392 0 0 6.262206158037438e-05 0.0017304341109021398
23 138 0.0012860858403337995 0 0 4.7786247877499674e-05 0.0013163180298848833
24 144 0.0010526032198820193 0 0 3.604000582523962e-05 0.0009706068744276106
25 150 0.0008362715247110716 0 0 2.2968166462435112e-05 0.0007241320864888961
26 156 0.0006247414229184354 0 0 1.3936837642093854e-05 0.0005025769882844195
27 162 0.000506255557550332 0 0 1.0453899724523557e-05 0.0003452451193884837
28 168 0.0004766333027253035 0 0 7.882378808418088e-06 0.00033883487331045074
29 174 0.0004083654008055338 0 0 6.435182369399552e-06 0.0002488946418390047
30 180 0.0003801717065614179 0 0 5.716101908665034e-06 0.00022317873740775306
31 186 0.00031973511195143345 0 0 4.402292821136231e-06 0.00016319580002923466
32 192 0.0002609341435759264 0 0 3.2447859242033942e-06 0.0001280775409410076
33 198 0.00022115302079773655 0 0 2.6266611381387114e-06 9.26662031638544e-05
34 204 0.00017588709028372332 0 0 1.7060488390771654e-06 7.114520564017469e-05
35 210 0.0001379124985094863 0 0 1.158039367927017e-06 5.300946355301936e-05
36 216 0.00013222568765196288 0 0 9.132698648938099e-07 4.871324551667126e-05
37 222 0.00010572773904979602 0 0 6.629138508891724e-07 3.666588412918098e-05
38 228 0.00010351778811358366 0 0 6.277987862943137e-07 3.4623512680707665e-05
39 234 9.402284426822672e-05 0 0 5.104799521281171e-07 2.931876517901967e-05
40 240 7.508630351023968e-05 0 0 3.6581280981037584e-07 2.093345513480844e-05
41 246 8.139408356535428e-05 0 0 3.6620142000684265e-07 2.4380873804022232e-05
42 252 8.338072818141763e-05 0 0 3.920209445176069e-07 2.1988356575152665e-05
43 258 8.326811299219756e-05 0 0 3.5532594682978995e-07 2.1831035702387686e-05
44 264 9.131823985709969e-05 0 0 4.289420966560609e-07 2.172592609598536e-05
45 270 8.276376707890512e-05 0 0 3.550414096516381e-07 1.87358875284199e-05
46 276 7.030323569076718e-05 0 0 2.6188718061425226e-07 1.533235043458245e-05
47 282 8.386556308257445e-05 0 0 2.8945841894771756e-07 2.2003230064700302e-05
48 288 0.00010252437946797656 0 0 4.992606226477039e-07 2.2911493706311532e-05
49 294 8.508616384527967e-05 0 0 3.669673272431572e-07 1.5987934927388252e-05
50 300 7.41936068361277e-05 0 0 3.261454346668456e-07 1.1407902234595075e-05
51 306 9.161539268940695e-05 0 0 4.3123017443126833e-07 1.684877737888899e-05
52 312 9.716139629453853e-05 0 0 4.345552776698812e-07 1.731899777645198e-05
53 318 7.25426360330205e-05 0 0 3.1063747469844365e-07 1.0981732238016822e-05
54 324 9.104290855469342e-05 0 0 4.891844613008128e-07 1.6136787085740943e-05
55 330 0.00010187203798453838 0 0 5.317079445090971e-07 1.5931938169676525e-05
56 336 7.854909243228617e-05 0 0 3.9775730790084236e-07 1.0215056470573788e-05
57 342 6.63627086725109e-05 0 0 3.184638275078166e-07 7.861863893427307e-06
58 348 6.727296059839266e-05 0 0 2.93259927280263e-07 8.039440735628313e-06
59 354 6.917004894204138e-05 0 0 3.3056017217085555e-07 8.19026509494573e-06
60 360 6.465536151744084e-05 0 0 2.850837813650837e-07 7.88588235292745e-06
61 366 4.713802461099439e-05 0 0 1.767712388437121e-07 4.638359933835018e-06
62 372 4.930946595940513e-05 0 0 1.5871070443845335e-07 5.22104037534074e-06
63 378 5.027008497588919e-05 0 0 1.4916067030023333e-07 6.30574020612305e-06
64 384 5.254531124103227e-05 0 0 1.6944635740439274e-07 7.09100477274937e-06
65 390 4.649829524829587e-05 0 0 1.317257418778569e-07 5.31711183760904e-06
66 396 3.928416676718241e-05 0 0 9.199151148489672e-08 4.167958730647932e-06
67 402 3.397185369361627e-05 0 0 6.928996448581437e-08 3.4491452825484063e-06
68 408 2.478390516852564e-05 0 0 4.775651579114826e-08 2.098874154722584e-06
69 414 2.8331270616986834e-05 0 0 5.083810490482576e-08 2.7620105752623476e-06
70 420 2.4382577968064102e-05 0 0 3.8184867868554474e-08 2.233900723269229e-06
71 426 2.245956698064977e-05 0 0 3.297769833033534e-08 1.6090867156103846e-06
72 432 1.7684966623706197e-05 0 0 2.4136013543923113e-08 1.1011226654646182e-06
73 438 2.245651168573852e-05 0 0 3.046458199933702e-08 1.8418438538709572e-06
74 444 2.815411160287815e-05 0 0 4.590142021280797e-08 2.6096372718657928e-06
75 450 2.9736409712417125e-05 0 0 4.1147142502702226e-08 2.5754163184185872e-06
76 456 2.4311681210906333e-05 0 0 2.861617176419773e-08 1.8471108625474123e-06
77 462 2.4473664439171842e-05 0 0 2.5604989333272223e-08 1.8691692424950408e-06
78 468 2.241238323425871e-05 0 0 2.158839268000959e-08 1.814902894684777e-06
79 474 2.073754246323583e-05 0 0 1.7537651068522764e-08 1.6785119938967467e-06
80 480 2.0470746920339295e-05 0 0 1.772190192782687e-08 1.573871706153645e-06
81 486 2.3816193702752047e-05 0 0 2.204987679015554e-08 1.952639077651646e-06
82 492 2.9391122791882026e-05 0 0 2.3190162031185794e-08 2.3253564371839053e-06
83 498 3.107185150798984e-05 0 0 2.490226085948146e-08 2.089635219389708e-06
84 504 3.2454838704325e-05 0 0 3.034851235194023e-08 2.141280996702467e-06
85 510 2.7317318502267674e-05 0 0 2.581198487117637e-08 1.688912451245587e-06
86 516 2.4751064114228724e-05 0 0 1.94694892135767e-08 1.2692234641769766e-06
87 522 2.420606165415581e-05 0 0 1.9108204078446306e-08 1.0852186361802038e-06
88 528 1.76242005780511e-05 0 0 1.300752839028067e-08 7.410058747730599e-07
89 534 2.291495814505054e-05 0 0 1.9079599775350747e-08 1.3355689513699892e-06
90 540 2.1411091398293148e-05 0 0 1.7005651926284326e-08 1.2486017189561305e-06
91 546 1.5979221590447743e-05 0 0 1.101198988882196e-08 8.876985472597854e-07
92 552 1.579766119721387e-05 0 0 1.035901233967458e-08 7.923692151592297e-07
93 558 1.4649268146949184e-05 0 0 9.10412720751715e-09 6.695902030850296e-07
94 564 1.665576586799477e-05 0 0 1.2185724177529353e-08 8.182163458138744e-07
95 570 1.9320022923870973e-05 0 0 1.5743330590781453e-08 9.769363045936874e-07
96 576 1.6738854768697633e-05 0 0 1.0977060310205411e-08 7.122145983584671e-07
97 582 1.4349043860990363e-05 0 0 8.224936050569135e-09 5.856485029947682e-07
98 588 1.5178153865818408e-05 0 0 8.646329875521126e-09 5.776608683631316e-07
99 594 1.5133129369290876e-05 0 0 7.504062022063296e-09 5.420168687504152e-07
100 600 1.5110022141286245e-05 0 0 7.39072150438894e-09 5.39980959314762e-07
101 606 1.746470674807255e-05 0 0 9.555234634573933e-09 6.093687235259098e-07
102 612 1.5754400005777865e-05 0 0 7.987201907378152e-09 4.805507364751121e-07
103 618 1.3011596234473536e-05 0 0 5.938984085518026e-09 3.478123280050458e-07
104 624 1.4612686027874057e-05 0 0 7.592774705639062e-09 4.329840181284392e-07
105 630 1.1054178146631578e-05 0 0 4.944902685824367e-09 2.601405221530408e-07
106 636 9.11614460243538e-06 0 0 3.592164595758267e-09 2.1409297906716298e-07
107 642 7.390843905072289e-06 0 0 2.888559267365488e-09 1.6977203177187735e-07
108 648 6.180462895556099e-06 0 0 2.3146644233390223e-09 1.363592717363319e-07
109 654 6.154219661490483e-06 0 0 2.1450636472089726e-09 1.3392582836291583e-07
110 660 6.076590424458774e-06 0 0 2.115985729722098e-09 1.4518324654250219e-07
111 666 4.337925961553438e-06 0 0 1.4075947739757382e-09 9.103226611835417e-08
112 672 3.2195170048632364e-06 0 0 8.833602749989493e-10 5.699587267858847e-08
113 678 3.1344814092118675e-06 0 0 8.590820423204664e-10 5.9122437558203965e-08
114 684 3.4829904786949748e-06 0 0 1.0978451193281063e-09 7.487870268952207e-08
115 690 4.702061586253622e-06 0 0 1.8758279120863064e-09 1.2051131234085623e-07
116 696 5.717143868658508e-06 0 0 2.236588818055523e-09 1.5227624359272495e-07
117 702 6.354037955717484e-06 0 0 2.3191170342079236e-09 1.5901692047433334e-07
118 708 6.982331007469497e-06 0 0 2.4041819848807746e-09 1.5437376835862735e-07
119 714 7.273960018814522e-06 0 0 2.105853524461314e-09 1.4181016830695836e-07
120 720 7.6150321736732324e-06 0 0 2.1734366386265466e-09 1.371133540099947e-07
121 726 1.0228128537209567e-05 0 0 3.7311547271415e-09 2.1712664373428467e-07
122 732 1.0281029601087378e-05 0 0 3.783524829610593e-09 2.3391539953048816e-07
123 738 8.87126224923527e-06 0 0 3.149344186749075e-09 1.932001197579623e-07
124 744 8.05559251433989e-06 0 0 2.257289800088314e-09 1.4121234486697884e-07
125 750 1.1495977314725978e-05 0 0 4.676819991220618e-09 2.940364302395778e-07
126 756 9.869517322605048e-06 0 0 3.870491782329518e-09 2.462808365140051e-07
127 762 1.242916527065381e-05 0 0 4.4721449991097495e-09 2.7028432865033965e-07
128 768 1.571043450859356e-05 0 0 6.424432369899758e-09 3.737289115875798e-07
129 774 1.348513406305239e-05 0 0 5.6989812693386275e-09 3.218961000227533e-07
130 780 1.1642496774637939e-05 0 0 4.678225561912594e-09 2.5297213422939974e-07
131 786 9.240143572389632e-06 0 0 3.5357138903209934e-09 1.9115889594023742e-07
132 792 7.940828305478906e-06 0 0 2.8750287619680604e-09 1.5257594751535843e-07
133 798 6.4982217900738566e-06 0 0 2.3077581937559504e-09 1.2336057256293397e-07
134 804 5.4196910202226045e-06 0 0 1.6654980271561704e-09 9.03027639645178e-08
135 810 5.023081786818724e-06 0 0 1.4676102730995304e-09 7.894801648788212e-08
136 816 4.719614100922037e-06 0 0 1.2517281154297453e-09 6.480089993278626e-08
137 822 3.7000926779451854e-06 0 0 8.310135682813752e-10 4.3686249329127286e-08
138 828 3.0291228215324606e-06 0 0 6.701029034084303e-10 3.523189525138578e-08
139 834 2.309077827124329e-06 0 0 4.879442293598878e-10 2.568105302869678e-08
140 840 1.7439919667841228e-06 0 0 3.6755964380243163e-10 1.9340180069475225e-08
141 846 1.4737247835448895e-06 0 0 2.9157307135263803e-10 1.5230219766370524e-08
142 852 1.406740351348931e-06 0 0 2.7987280325432814e-10 1.4593863435664315e-08
143 858 1.084737655015241e-06 0 0 2.2285169727353524e-10 1.1488428812766167e-08
144 864 9.031727706889862e-07 0 0 1.6607591039864231e-10 8.667392549273334e-09
145 870 8.88315049493427e-07 0 0 1.6778980967976905e-10 8.787364715272115e-09
146 876 1.0185963630839966e-06 0 0 2.1174892528160504e-10 1.1004924545838456e-08
147 882 1.439981425046034e-06 0 0 3.570984229816601e-10 1.8264299348380773e-08
148 888 1.514624400920318e-06 0 0 3.2455339254389925e-10 1.6633026572287272e-08
149 894 1.4149463103265366e-06 0 0 3.0343408384505647e-10 1.5677086866553377e-08
150 900 1.6929473009509001e-06 0 0 3.2477087907640776e-10 1.6765922003416455e-08
151 906 1.518817407608046e-06 0 0 2.7347150190424225e-10 1.4208028525872737e-08
152 912 1.3321179011531552e-06 0 0 2.06348799476651e-10 1.0636912815144908e-08
153 918 1.3251610731656294e-06 0 0 2.0354009405108762e-10 1.0412962527452917e-08
154 924 1.0386524796968074e-06 0 0 1.2268445165110635e-10 6.287224328073685e-09
155 930 1.0621103877226814e-06 0 0 1.1071658714258085e-10 5.684589612006916e-09
156 936 1.008655599497937e-06 0 0 1.0331290863617726e-10 5.20470506196689e-09
157 942 8.562827785395991e-07 0 0 7.707037566322213e-11 3.8583864189515876e-09
158 948 7.448667192713937e-07 0 0 5.81529995542428e-11 2.8780633314062977e-09
159 954 8.054174045330823e-07 0 0 7.156975763405163e-11 3.568200791833377e-09
160 960 7.329282529153858e-07 0 0 5.991984483657264e-11 2.9937890882294995e-09
161 966 1.0186789551773637e-06 0 0 7.656109692263287e-11 3.994898630006417e-09
162 972 8.278038574876313e-07 0 0 5.829998645192741e-11 3.079477257137055e-09
163 978 7.377456167985815e-07 0 0 5.47238860431201e-11 2.8888536594524397e-09
164 984 1.3620600663339565e-06 0 0 1.198260527733796e-10 6.5380564892535e-09
165 990 1.0281004183227276e-06 0 0 9.037707338076114e-11 4.999838121545187e-09
166 996 8.467354613371262e-07 0 0 6.606794607570996e-11 3.705584448015751e-09
167 1002 6.536572436587167e-07 0 0 4.765787199551405e-11 2.695005110366855e-09
168 1008 5.176943358738041e-07 0 0 3.589444058156757e-11 2.0248715742492665e-09
169 1014 5.421824988026448e-07 0 0 4.257082361936499e-11 2.3811835730170394e-09
170 1020 5.025851249950882e-07 0 0 4.3365086388390884e-11 2.40167991603069e-09
171 1026 5.192184814959447e-07 0 0 4.671529165440387e-11 2.5926464143629746e-09
172 1032 5.778268367808665e-07 0 0 5.500093631672521e-11 3.0127437795654613e-09
173 1038 4.896822864981116e-07 0 0 4.424903641687637e-11 2.4325423949277015e-09
174 1044 4.4232312596842766e-07 0 0 3.611981917980001e-11 1.9863868392822117e-09
175 1050 3.8486739863991726e-07 0 0 3.021899904039101e-11 1.6571434190223226e-09
176 1056 3.1497503163839646e-07 0 0 2.1869414793542847e-11 1.1931687040168657e-09
177 1062 2.9941383572869074e-07 0 0 2.0878415018697593e-11 1.1459016529507196e-09
178 1068 2.472575699052162e-07 0 0 1.4721700334060497e-11 8.130394657229347e-10
179 1074 2.124342147386771e-07 0 0 1.3188140929272298e-11 7.313964622264651e-10
180 1080 2.221273942869032e-07 0 0 1.485926322145871e-11 8.23053735560593e-10
181 1086 1.691394417649087e-07 0 0 1.0424600401850737e-11 5.780633314380535e-10
182 1092 1.715234968358245e-07 0 0 1.1709865609455984e-11 6.470921409656395e-10
183 1098 1.48514496601195e-07 0 0 9.9211581946597e-12 5.472310395181789e-10
184 1104 1.4490831254630066e-07 0 0 9.464249042968586e-12 5.23079913247384e-10
185 1110 1.7175724089788393e-07 0 0 1.1509356178172748e-11 6.375884294898578e-10
186 1116 1.9934115571334583e-07 0 0 1.451901060825173e-11 8.052403167166902e-10
187 1122 1.6456667177220933e-07 0 0 1.0738201083599502e-11 5.975098906747825e-10
188 1128 1.7514619061093734e-07 0 0 1.0599152286416723e-11 5.876194357444052e-10
189 1134 1.4383023819995775e-07 0 0 8.502639240419831e-12 4.700077717612459e-10
190 1140 1.1891751088148833e-07 0 0 6.626869780430575e-12 3.6589536675835575e-10
191 1146 1.4960608725255486e-07 0 0 9.681303381198143e-12 5.319695330431668e-10
192 1152 1.346444716191887e-07 0 0 7.58616255112564e-12 4.1671462294554664e-10
193 1158 1.5916732764408659e-07 0 0 1.0391546649202152e-11 5.718966744060767e-10
194 1164 1.9364278939528427e-07 0 0 1.4561317354093108e-11 8.008704554631308e-10
195 1170 2.0182168669615625e-07 0 0 1.5134781710945552e-11 8.322417025607601e-10
196 1176 2.0967480730690083e-07 0 0 1.5775686607308956e-11 8.677632506252427e-10
197 1182 2.0207790765780713e-07 0 0 1.6961016291277685e-11 9.317415300782032e-10
198 1188 2.1042377199281218e-07 0 0 1.9031133507484504e-11 1.0443886155892784e-09
199 1194 1.9221770101095148e-07 0 0 1.5566188484638485e-11 8.548395528786006e-10
200 1200 1.521779026686002e-07 0 0 1.1852601811869458e-11 6.510483531996107e-10
201 1206 1.299226049143486e-07 0 0 9.226122099866464e-12 5.069375392019476e-10
202 1212 1.4207589121320617e-07 0 0 1.0550002154787526e-11 5.795335279397251e-10
203 1218 1.1633651906416859e-07 0 0 7.896609099053735e-12 4.335161479539388e-10
204 1224 9.326545298179875e-08 0 0 5.70981023507508e-12 3.1335719976302426e-10
205 1230 9.66892498411059e-08 0 0 6.1540142883123475e-12 3.3766175231503094e-10
206 1236 1.0044037090560578e-07 0 0 6.052948855701874e-12 3.319801710941966e-10
207 1242 1.2410112598050934e-07 0 0 9.175548003934748e-12 5.031986753783815e-10
208 1248 9.200191449085026e-08 0 0 6.682721794852434e-12 3.664281076161186e-10
209 1254 8.46368641400224e-08 0 0 5.939931736411817e-12 3.25724969423988e-10
210 1260 8.670941989001625e-08 0 0 6.356305420827776e-12 3.4861333396864833e-10
211 1266 9.561729101372805e-08 0 0 6.142144590313947e-12 3.369770121115265e-10
212 1272 1.0471475918242916e-07 0 0 6.464562712373139e-12 3.5489077272497517e-10
213 1278 1.4652983941848468e-07 0 0 8.783080308548314e-12 4.820353559699823e-10
214 1284 1.494887923452312e-07 0 0 9.62555981090598e-12 5.281108176608307e-10
215 1290 1.4155982822150273e-07 0 0 9.285967742169099e-12 5.095033218093197e-10
216 1296 1.173463042307144e-07 0 0 6.614485490060459e-12 3.629490304178328e-10
217 1302 9.891887664448212e-08 0 0 5.455777832291847e-12 2.992347471606489e-10
218 1308 1.0326285149806082e-07 0 0 6.090295306333792e-12 3.339109042705596e-10
219 1314 7.409159293102333e-08 0 0 3.586197352313232e-12 1.966455824918008e-10
220 1320 6.04956401625684e-08 0 0 2.606767368015602e-12 1.4299994797420661e-10
221 1326 5.07572458845752e-08 0 0 2.168302416160951e-12 1.189700927858486e-10
222 1332 3.936590150460577e-08 0 0 1.4784440640805356e-12 8.109813650350416e-11
223 1338 4.1318022682554164e-08 0 0 1.6093689487629532e-12 8.831888253127899e-11
224 1344 3.4680222411158066e-08 0 0 1.1389287441375478e-12 6.248875410942807e-11
225 1350 3.911890314588668e-08 0 0 1.412164197235395e-12 7.744937882939572e-11
226 1356 5.20416955778776e-08 0 0 2.3730233890328592e-12 1.3015789686152023e-10
227 1362 5.630179064765382e-08 0 0 2.8683841161212884e-12 1.5735681250945078e-10
228 1368 6.044620450742214e-08 0 0 3.3133368581128274e-12 1.817527126881378e-10
229 1374 7.507965365591573e-08 0 0 4.288786000535475e-12 2.3521316600020487e-10
230 1380 7.72064446903484e-08 0 0 4.1907316842851505e-12 2.2980522407353353e-10
231 1386 7.572165768083e-08 0 0 3.974928285290597e-12 2.1795396798989102e-10
232 1392 6.969820129980502e-08 0 0 3.3486749011535087e-12 1.8363684838466224e-10
233 1398 7.769065442894695e-08 0 0 4.294610410685547e-12 2.3548505763098807e-10
234 1404 1.0015443488516129e-07 0 0 6.542028030763042e-12 3.5873052012988985e-10
235 1410 1.2323515704295822e-07 0 0 7.210175717783419e-12 3.953799436096356e-10
236 1416 1.3582375678515846e-07 0 0 8.431708928399983e-12 4.623054697659563e-10
237 1422 1.5978172570593603e-07 0 0 1.021631666891356e-11 5.60234340501977e-10
238 1428 1.6964014257407495e-07 0 0 9.811947422032966e-12 5.381266231267796e-10
239 1434 1.6811711607993889e-07 0 0 1.0189945213863956e-11 5.58791778561938e-10
240 1440 1.321062000912302e-07 0 0 7.37585929126429e-12 4.044407117926803e-10
241 1446 1.8749468463301707e-07 0 0 1.50066215139345e-11 8.227683406679936e-10
242 1452 1.9060224937641748e-07 0 0 1.4233869651841194e-11 7.803491269634463e-10
243 1458 1.6426927856462698e-07 0 0 1.1167999688266549e-11 6.122728542733922e-10
244 1464 1.4215374881353047e-07 0 0 8.740347110741291e-12 4.791584644472651e-10
245 1470 1.4950726358819807e-07 0 0 9.775399576896144e-12 5.359300882532113e-10
246 1476 1.2399496914331788e-07 0 0 7.763803792815443e-12 4.256341241958154e-10
247 1482 1.0395395310992514e-07 0 0 6.196148439537823e-12 3.396710122026191e-10
248 1488 9.066004558641006e-08 0 0 5.216050868669691e-12 2.859426302688341e-10
249 1494 8.861155726603631e-08 0 0 5.25284148303327e-12 2.8794533195935735e-10
250 1500 1.2390623243715825e-07 0 0 1.0053731874101113e-11 5.511332998188243e-10
251 1506 1.3247805174577882e-07 0 0 1.0430376800757327e-11 5.717712733341676e-10
252 1512 1.4840201235564335e-07 0 0 1.2611275767638047e-11 6.913329518231733e-10
253 1518 1.368438872423901e-07 0 0 1.0752850685505625e-11 5.894612617116597e-10
254 1524 1.3583533041423877e-07 0 0 1.2670349074569257e-11 6.945799441616736e-10
255 1530 1.3914798511123178e-07 0 0 1.3221762228313417e-11 7.248059251510881e-10
256 1536 1.2935369651769753e-07 0 0 1.0161173255900482e-11 5.570326778774167e-10
257 1542 1.1747446352923551e-07 0 0 7.8962829086147e-12 4.328767869238139e-10
258 1548 8.695517670961856e-08 0 0 5.226031478153433e-12 2.8648916839621025e-10
259 1554 8.213580820110404e-08 0 0 4.766601475402843e-12 2.61298176413953e-10
260 1560 6.880726255291944e-08 0 0 3.5482342448488137e-12 1.9450985837299307e-10
261 1566 5.531674903909647e-08 0 0 2.563927367162369e-12 1.405512534961274e-10
262 1572 5.85950697496085e-08 0 0 3.1819170012106036e-12 1.744293908590009e-10
263 1578 5.4705680443531846e-08 0 0 2.4450876593189302e-12 1.3403776087172373e-10
264 1584 6.267979730194598e-08 0 0 3.16687317820435e-12 1.7360111812229453e-10
265 1590 7.756027080052515e-08 0 0 3.5742449757609896e-12 1.959339430124266e-10
266 1596 8.267653018551163e-08 0 0 3.229307639235942e-12 1.7702433780006443e-10
267 1602 6.574409275255453e-08 0 0 2.569981965138068e-12 1.40881124291258e-10
268 1608 7.056608575999121e-08 0 0 2.7854657840559344e-12 1.5268941514917905e-10
269 1614 5.892728871126478e-08 0 0 2.1198536629721495e-12 1.1620035286675255e-10
270 1620 5.1105681551959175e-08 0 0 1.7806297250590044e-12 9.760661930469943e-11
271 1626 4.52488458309793e-08 0 0 1.4415841426511531e-12 7.902263808506457e-11
272 1632 5.426657325049296e-08 0 0 2.1627576351900774e-12 1.1855409927917523e-10
273 1638 7.241910004870443e-08 0 0 3.6624185996517695e-12 2.0075929748579825e-10
274 1644 8.31762578452077e-08 0 0 4.33075419326699e-12 2.373979845026732e-10
275 1650 1.0204600572900738e-07 0 0 1.0463911421594637e-07 1.3152375693158928e-07
276 1656 9.777862848695195e-08 0 0 9.543571788340516e-08 1.1143733604442417e-07
277 1662 9.061247782633993e-08 0 0 8.91999316660219e-08 1.0139617167789327e-07
278 1668 1.0235522707384398e-07 0 0 8.344952277649695e-08 1.4090561516725315e-07
279 1674 9.266060789888115e-08 0 0 7.395841357563776e-08 1.32450084676524e-07
280 1680 6.827228908079837e-08 0 0 4.660547312263956e-08 8.835095020128036e-08
281 1686 4.9176216318189084e-08 0 0 3.01087784903649e-08 5.3811941030747094e-08
282 1692 5.7777553837542535e-08 0 0 3.754242039572877e-08 7.13402876628501e-08
283 1698 5.052861393717323e-08 0 0 3.2964729377233396e-08 5.531567462434855e-08
284 1704 3.899725935747745e-08 0 0 2.221213195409408e-08 3.974104913998777e-08
285 1710 3.650198381197019e-08 0 0 1.9177802958879864e-08 3.88502735450729e-08
286 1716 4.187758111807492e-08 0 0 2.0939324934740212e-08 5.1025409855673706e-08
287 1722 4.430580109735072e-08 0 0 2.3066950817283295e-08 4.627926499485796e-08
288 1728 3.6237032651647976e-08 0 0 1.7817847952697348e-08 3.286292765501025e-08
289 1734 2.9103561473287103e-08 0 0 1.2666168438294943e-08 2.123803828864456e-08
290 1740 2.1607096927093612e-08 0 0 8.812565247274283e-09 1.2746232105496e-08
291 1746 2.8503987803615882e-08 0 0 1.5728058287931813e-08 1.591445003103466e-08
292 1752 2.3094624949074158e-08 0 0 1.3986613872298824e-08 1.2441494709547267e-08
293 1758 2.78143599788148e-08 0 0 1.48450496086981e-08 1.4576458990729617e-08
294 1764 2.699724416231117e-08 0 0 1.4961240120859506e-08 1.2166386653750355e-08
295 1770 3.2390495166263683e-08 0 0 1.9954910892269076e-08 1.7033147600139167e-08
296 1776 2.4733491368022122e-08 0 0 1.421785165940938e-08 1.2929145339826501e-08
297 1782 3.400471775821099e-08 0 0 1.837435454437606e-08 1.887265735904796e-08
298 1788 3.7707993068071396e-08 0 0 1.7001159928609796e-08 1.954481075805845e-08
299 1794 3.9142801856723045e-08 0 0 1.6195868291417486e-08 2.3622059717635053e-08
300 1800 3.196304875597808e-08 0 0 1.2023442840074148e-08 1.7787713914238994e-08
301 1806 4.988998552000245e-08 0 0 1.950296290286349e-08 2.7783712176638517e-08
302 1812 7.550246350935084e-08 0 0 2.957698193654521e-08 3.9907810507365054e-08
303 1818 6.563663608273661e-08 0 0 2.4049285629847768e-08 3.2979912539867765e-08
304 1824 5.442223614552405e-08 0 0 1.6704231192013058e-08 2.5360750545504654e-08
305 1830 5.564777240622924e-08 0 0 1.8605989280023872e-08 2.6435999747321875e-08
306 1836 6.153896292072608e-08 0 0 1.9048004399361755e-08 3.0233579800201395e-08
307 1842 5.3839419247206434e-08 0 0 1.6270563624378545e-08 2.300699217174167e-08
308 1848 5.07477409693958e-08 0 0 1.6657698146416728e-08 2.0576937107691437e-08
309 1854 3.9230998730193773e-08 0 0 1.1597099471215235e-08 1.490903575819576e-08
310 1860 3.214634499883689e-08 0 0 7.829041595494865e-09 1.0465655205005647e-08
311 1866 4.581913141787989e-08 0 0 1.5112825899617826e-08 1.5599976504302075e-08
312 1872 4.309407440636743e-08 0 0 1.4567896386881634e-08 1.4278073873959126e-08
313 1878 3.420086257450798e-08 0 0 1.0443610236821436e-08 1.0165827458522306e-08
314 1884 2.5615287588957232e-08 0 0 7.031699071345056e-09 6.323580326278496e-09
315 1890 2.5444813080159364e-08 0 0 6.5907825329974665e-09 6.251697289011486e-09
316 1896 2.286765608456147e-08 0 0 5.928098021375168e-09 5.441274301242621e-09
317 1902 1.8440258889900333e-08 0 0 4.583724627064575e-09 4.171337302629789e-09
318 1908 5.0125820652496436e-08 0 0 1.5878157331546303e-08 1.2007561906278475e-08
319 1914 1.2884578766762672e-07 0 0 4.078787351284747e-08 2.9699980850637693e-08
320 1920 1.7203309605466641e-07 0 0 5.2706479091950654e-08 3.846050182305845e-08
321 1926 1.7200010295640468e-07 0 0 4.643445182790386e-08 3.3532543122688954e-08
322 1932 1.3664583024798256e-07 0 0 3.2501425748322554e-08 2.3379556563970308e-08
323 1938 1.279871804864262e-07 0 0 3.1220116250553876e-08 2.2577213556950655e-08
324 1944 1.2061155780024653e-07 0 0 3.027409798561887e-08 2.156214077321909e-08
325 1950 1.2799229248462683e-07 0 0 2.9596125428048172e-08 1.9503358894473265e-08
326 1956 1.0870076261855227e-07 0 0 2.4666731187978947e-08 1.5808074975637776e-08
327 1962 1.8711887657348916e-07 0 0 4.549539038502015e-08 2.700870004469934e-08
328 1968 1.584406288752328e-07 0 0 4.13599490963105e-08 2.076260052837937e-08
329 1974 1.304359660550398e-07 0 0 2.9013225140518285e-08 1.4838200738533477e-08
330 1980 1.2548295246562645e-07 0 0 2.38420344942318e-08 1.4677217589073389e-08
331 1986 9.528891408540139e-08 0 0 1.5474593769771678e-08 9.652096812047883e-09
332 1992 7.23652702498413e-08 0 0 1.1689052428996345e-08 6.32505861964915e-09
333 1998 6.50762786548961e-08 0 0 9.218099608736331e-09 5.7410141404614365e-09
334 2004 1.7689566573134132e-07 0 0 2.681488333712668e-08 1.5698812301430432e-08
335 2010 3.143069261919125e-07 0 0 4.312660345837027e-08 2.510697983801042e-08
336 2016 4.0553792993081247e-07 0 0 4.98043321902397e-08 3.2543708498755925e-08
337 2022 6.403243703516888e-07 0 0 8.597000285731046e-08 4.973620678189781e-08
338 2028 5.960381074918684e-07 0 0 6.90828187836866e-08 4.384809034915032e-08
339 2034 4.9953527681393e-07 0 0 5.385270045043304e-08 3.6761988573235904e-08
340 2040 4.835194077180102e-07 0 0 4.9507863029474326e-08 3.568068865435843e-08
341 2046 4.042706005105257e-07 0 0 3.846190390518504e-08 2.481147011885691e-08
342 2052 3.726694837942971e-07 0 0 3.720382282210215e-08 1.9483377123801063e-08
343 2058 3.778670655322642e-07 0 0 3.318127992882303e-08 1.940192905765555e-08
344 2064 3.100226911644968e-07 0 0 2.343496821827468e-08 1.4910784192944607e-08
345 2070 2.300616848677584e-07 0 0 1.5780049134051512e-08 9.086759415486317e-09
346 2076 3.634454555947272e-07 0 0 3.1196262911909716e-08 1.2764007058300591e-08
347 2082 4.5669964382477666e-07 0 0 3.599631302588231e-08 1.36501906870719e-08
348 2088 5.268359369072537e-07 0 0 3.725211350192674e-08 1.6035900526036134e-08
349 2094 4.101891842009199e-07 0 0 2.4505971980525547e-08 1.2377945001869517e-08
350 2100 3.950825948016508e-07 0 0 2.4515971484884348e-08 1.027148930056647e-08
351 2106 5.55717040578161e-07 0 0 3.887959503122645e-08 1.5192169526646456e-08
352 2112 4.5082540430516143e-07 0 0 2.849106587394086e-08 1.1347551454040246e-08
353 2118 5.397943924452649e-07 0 0 3.247889746611328e-08 1.5534176757169126e-08
354 2124 4.3956028939488214e-07 0 0 2.522059085495608e-08 1.1569209264696816e-08
355 2130 3.1337884647874595e-07 0 0 1.66643512042879e-08 6.869519187854653e-09
356 2136 4.390890495816515e-07 0 0 3.1675411906807843e-08 8.917263181490175e-09
357 2142 4.969288259015227e-07 0 0 3.572651126345726e-08 9.521172536613544e-09
358 2148 7.523309705875299e-07 0 0 5.7555176722935445e-08 1.4576663452950573e-08
359 2154 7.954911456526176e-07 0 0 6.283452433875079e-08 1.5093475899197244e-08
360 2160 5.59770634479097e-07 0 0 3.699173770669418e-08 9.753584843857843e-09
361 2166 4.667565338805769e-07 0 0 2.971304187710109e-08 7.563709893554143e-09
362 2172 5.367877783170856e-07 0 0 3.3552066710455664e-08 9.533433548690391e-09
363 2178 5.872145703154959e-07 0 0 3.4169646795379165e-08 1.0831318589557578e-08
364 2184 4.7498200717769254e-07 0 0 2.7329087255808947e-08 7.972446453663875e-09
365 2190 4.987456175952529e-07 0 0 2.8007774032583716e-08 8.927990981423895e-09
366 2196 5.674089073480095e-07 0 0 3.681148153264425e-08 1.0936109074382998e-08
367 2202 6.446540430656618e-07 0 0 3.8446126120254895e-08 1.3643810803965905e-08
368 2208 5.701148819144931e-07 0 0 3.088518695661989e-08 1.1784863749041868e-08
369 2214 9.156952668506686e-07 0 0 5.4204572967359374e-08 2.110975295831236e-08
370 2220 1.6669436852628083e-06 0 0 1.0164387363946876e-07 4.486781284586588e-08
371 2226 1.9062871998390875e-06 0 0 1.0324389039905291e-07 4.1554748799158714e-08
372 2232 1.99373052635201e-06 0 0 1.1956996085032088e-07 5.541713268591673e-08
373 2238 2.221651709269656e-06 0 0 1.353905987899493e-07 6.522146113171048e-08
374 2244 2.380741606432366e-06 0 0 1.3562647779234862e-07 6.11765818790586e-08
375 2250 2.463601936113666e-06 0 0 1.4579085312806602e-07 5.7317321481125364e-08
376 2256 2.7060274410692025e-06 0 0 1.6285607042476527e-07 7.005503382432513e-08
377 2262 2.2854262413615666e-06 0 0 1.2696968929243388e-07 5.875722271678163e-08
378 2268 2.0018407377660184e-06 0 0 1.0041058161314922e-07 4.6665260664806625e-08
379 2274 1.460908565703566e-06 0 0 6.468048971159092e-08 3.2299446491388734e-08
380 2280 1.4136423609091379e-06 0 0 6.244130088635515e-08 2.8432470981854123e-08
381 2286 1.2422123709749651e-06 0 0 4.918876776953115e-08 2.396315816470858e-08
382 2292 9.71133049521162e-07 0 0 3.160234044925213e-08 1.6312841922570066e-08
383 2298 8.268032024687728e-07 0 0 2.3795979034976432e-08 1.3726336085769447e-08
384 2304 9.956881672239807e-07 0 0 3.542147779508525e-08 1.9258927573356523e-08
385 2310 9.427883172636629e-07 0 0 2.6792612019505778e-08 1.5860609899664438e-08
386 2316 8.261883246229986e-07 0 0 2.1205880059290297e-08 1.3211667583496376e-08
387 2322 1.3012907990227934e-06 0 0 3.6367098300028436e-08 2.4747401231717465e-08
388 2328 1.768140182282352e-06 0 0 4.33691230731035e-08 2.9645530137434304e-08
389 2334 2.0665430735686953e-06 0 0 4.711010518440783e-08 3.2045413863737723e-08
390 2340 1.8141279788140164e-06 0 0 3.7558848252409826e-08 2.5876574011613097e-08
391 2346 1.4428384979612758e-06 0 0 2.7482846726166354e-08 1.8369526454985494e-08
392 2352 1.488972274877021e-06 0 0 2.6937602494560996e-08 1.9035966790823647e-08
393 2358 1.1682364031606562e-06 0 0 1.8529817772294538e-08 1.4269423293315141e-08
394 2364 1.1318724749905589e-06 0 0 1.5620142966045112e-08 1.2420637496678277e-08
395 2370 1.1420207687490363e-06 0 0 1.7201398656833936e-08 1.1341209864381993e-08
396 2376 9.880712103686106e-07 0 0 1.4480958721153898e-08 9.198671562291506e-09
397 2382 7.523193742478556e-07 0 0 1.0790626152322546e-08 6.525532974595145e-09
398 2388 7.4209219184749e-07 0 0 1.0229300760290493e-08 6.192990383726232e-09
399 2394 8.793289151726579e-07 0 0 1.4983547960444483e-08 8.262063619411446e-09
400 2400 1.115867423352415e-06 0 0 2.3650999541267914e-08 1.2688638200710226e-08
401 2406 1.3157783045336626e-06 0 0 2.8894989019006273e-08 1.5339180222199394e-08
402 2412 1.497732884813237e-06 0 0 3.556790049890664e-08 1.8149945800687413e-08
403 2418 1.2401841837570712e-06 0 0 2.9434317250459446e-08 1.4745588775462506e-08
404 2424 1.1986639405633886e-06 0 0 2.8931700266419967e-08 1.447471032085349e-08
405 2430 2.5583618486226137e-06 0 0 6.043540676679814e-08 3.038590185845937e-08
406 2436 4.017103146648663e-06 0 0 9.564565289294416e-08 4.719182738254758e-08
407 2442 4.139809490031532e-06 0 0 9.020453269690875e-08 4.6579494856699e-08
408 2448 4.8008971264996554e-06 0 0 1.106225632031255e-07 5.513843416632779e-08
409 2454 4.877479071824217e-06 0 0 1.1646213045600323e-07 5.706768532356025e-08
410 2460 4.754017233880544e-06 0 0 1.1564620431394154e-07 5.616940539733457e-08
411 2466 4.087455049534728e-06 0 0 8.971197513690094e-08 4.312290539996909e-08
412 2472 6.561157436852496e-06 0 0 1.3508117676977258e-07 6.413165188167004e-08
413 2478 8.146211527267786e-06 0 0 1.6282047934622264e-07 7.613144248719923e-08
414 2484 8.842155146759747e-06 0 0 1.6281124756617118e-07 7.656688811488262e-08
415 2490 1.0004581218354933e-05 0 0 2.004273900200606e-07 9.457282836099855e-08
416 2496 8.944222625925972e-06 0 0 1.635145432279515e-07 7.822401835301162e-08
417 2502 9.930415279178883e-06 0 0 1.45903943499309e-07 7.222432996144108e-08
418 2508 8.30432300247373e-06 0 0 1.1660623322406348e-07 5.6218139968250207e-08
419 2514 6.852430840789324e-06 0 0 8.098240866528412e-08 3.930663526096159e-08
420 2520 7.872625512247467e-06 0 0 7.843918388950864e-08 3.81772387349081e-08
421 2526 1.230049650588256e-05 0 0 1.1173545515075916e-07 5.493790838939395e-08
422 2532 1.73473508150643e-05 0 0 1.2589592058735317e-07 6.125045226021799e-08
423 2538 1.6330963204056053e-05 0 0 1.0620205982786311e-07 5.344505293467758e-08
424 2544 1.7859941690954937e-05 0 0 1.1792249276899436e-07 6.152361781607965e-08
425 2550 2.3604769691021015e-05 0 0 1.8711527937223561e-07 8.630531295031927e-08
426 2556 2.3591648195852585e-05 0 0 1.8343090699948257e-07 8.311494950028965e-08
427 2562 2.3694466505142547e-05 0 0 1.6175776999222818e-07 7.322935222982191e-08
428 2568 2.081417400526515e-05 0 0 1.2044104222417183e-07 5.69920453051686e-08
429 2574 1.8057541120191092e-05 0 0 9.573800318368543e-08 4.229211325923899e-08
430 2580 1.896698227260331e-05 0 0 1.1048247323807607e-07 4.344495594933772e-08
431 2586 1.7751942204538013e-05 0 0 1.1073002261789841e-07 3.9826077794300604e-08
432 2592 1.5470487775738684e-05 0 0 8.514465088445658e-08 2.8099852004330343e-08
433 2598 1.4416599383107475e-05 0 0 7.823413207761318e-08 2.657425228198687e-08
434 2604 2.0359489867338262e-05 0 0 1.0417913216391972e-07 3.267200218340555e-08
435 2610 1.7200373604803207e-05 0 0 7.712034511855092e-08 2.4237964265680387e-08
436 2616 1.4961085971399951e-05 0 0 6.399524953331454e-08 2.183535918910485e-08
437 2622 1.3362041889563168e-05 0 0 5.4162045530912367e-08 1.591129528848565e-08
438 2628 1.1611797706298485e-05 0 0 4.33670696065732e-08 1.1383329381750362e-08
439 2634 1.3569838572549809e-05 0 0 5.031690946522908e-08 1.2609385123250231e-08
440 2640 1.7353974090888488e-05 0 0 8.810576786304193e-08 2.1825103920212516e-08
441 2646 2.2272534874193056e-05 0 0 1.2106146591924586e-07 3.2719513228404934e-08
442 2652 2.0845737749641493e-05 0 0 1.1013535761911114e-07 2.8698552836750606e-08
443 2658 1.8019474189298055e-05 0 0 7.788695641361127e-08 1.9988065684055263e-08
444 2664 1.6866192357941262e-05 0 0 7.20168408827369e-08 1.7693448036738637e-08
445 2670 1.7759071799388802e-05 0 0 6.524177888311381e-08 1.503464232673221e-08
446 2676 2.4452344273143233e-05 0 0 9.250827854263118e-08 2.5824236491602093e-08
447 2682 2.98748150610225e-05 0 0 1.0149653826790404e-07 2.769886166657744e-08
448 2688 3.0081112062228043e-05 0 0 1.0728083102823547e-07 2.8234760381885404e-08
449 2694 3.0037347111148297e-05 0 0 1.0894204428480964e-07 2.833587869183888e-08
450 2700 4.355815190339956e-05 0 0 2.0520028534429715e-07 5.7780989909260355e-08
451 2706 4.599130340544707e-05 0 0 1.9737937175772654e-07 5.406709147252171e-08
452 2712 4.3830649649302864e-05 0 0 1.7678755179682048e-07 4.7024449700841895e-08
453 2718 4.5074070528003294e-05 0 0 1.9970384563322356e-07 5.280201766916037e-08
454 2724 3.5388163317476914e-05 0 0 1.556894070840548e-07 3.936226880233634e-08
455 2730 2.836163856680841e-05 0 0 1.1987635077876803e-07 2.8101587277364002e-08
456 2736 2.3647676216230057e-05 0 0 8.849989808504226e-08 2.1614288075398277e-08
457 2742 1.970788494920776e-05 0 0 6.965888714475231e-08 1.6562862327486697e-08
458 2748 2.2370576065782317e-05 0 0 8.158708890203259e-08 1.7687361842873262e-08
459 2754 2.8715642818943307e-05 0 0 1.1018611073526803e-07 2.2299517496294063e-08
460 2760 2.201923958280958e-05 0 0 7.263677604721219e-08 1.42693101203237e-08
461 2766 2.0047312581431194e-05 0 0 6.442992005804448e-08 1.3164037859574325e-08
462 2772 2.3706176656370467e-05 0 0 1.00401428596298e-07 2.0027625355472863e-08
463 2778 1.853507262425296e-05 0 0 7.388616086782368e-08 1.5103895150167302e-08
464 2784 1.843928273384382e-05 0 0 7.077011733861601e-08 1.5189270147882153e-08
465 2790 1.6635967661062375e-05 0 0 6.485901694177776e-08 1.4348643496001767e-08
466 2796 2.3595461876142594e-05 0 0 1.0174417033675291e-07 2.4036831226493478e-08
467 2802 2.045428236078492e-05 0 0 7.83692789439358e-08 1.901603262053746e-08
468 2808 2.2229759193091338e-05 0 0 8.904380893497112e-08 2.0738586950301628e-08
469 2814 2.2372611884247784e-05 0 0 7.955922586332302e-08 1.8541965504976347e-08
470 2820 1.7083109135350597e-05 0 0 5.585539916640106e-08 1.3399862137169008e-08
471 2826 1.2714203475196845e-05 0 0 3.7430495019846896e-08 8.933442283449214e-09
472 2832 1.6786260479232867e-05 0 0 5.484699970463111e-08 1.216591156609159e-08
473 2838 3.074601123870053e-05 0 0 9.464509872905984e-08 2.0617267301121435e-08
474 2844 2.986747033072599e-05 0 0 8.579833489525937e-08 1.8660197579116455e-08
475 2850 2.6502611059397707e-05 0 0 6.694206456698329e-08 1.527021033149614e-08
476 2856 3.567715795041514e-05 0 0 8.77529529841348e-08 1.8495390741214583e-08
477 2862 4.985304761707689e-05 0 0 1.412899977772379e-07 2.7580853892880958e-08
478 2868 5.632359518686493e-05 0 0 1.7851133259873108e-07 3.461012457440851e-08
479 2874 5.392150585157009e-05 0 0 1.5253057271691192e-07 2.954313505444923e-08
480 2880 4.849194902559642e-05 0 0 1.1924757624266796e-07 2.2899161211494704e-08
481 2886 6.24289608536037e-05 0 0 2.0524611704249483e-07 3.986159734795279e-08
482 2892 6.867298656408185e-05 0 0 2.1096818618054978e-07 4.02729696717557e-08
483 2898 5.367930186857159e-05 0 0 1.5911080080165503e-07 2.98897359838537e-08
484 2904 5.66346379412077e-05 0 0 1.5202495526340126e-07 2.888815838045012e-08
485 2910 6.73664673823326e-05 0 0 1.9091056419310457e-07 3.841166850177686e-08
486 2916 5.835334772247777e-05 0 0 1.4679026677351397e-07 2.9385318054010907e-08
487 2922 5.927125319058297e-05 0 0 1.5472555245932852e-07 3.103222006646349e-08
488 2928 8.693670369736569e-05 0 0 3.1243106105644515e-07 6.211209759844293e-08
489 2934 8.644974354448466e-05 0 0 2.995809410197486e-07 5.906045403104115e-08
490 2940 9.358878218534527e-05 0 0 3.124180871284167e-07 6.013168832049566e-08
491 2946 0.00011174764861260258 0 0 4.1732795205526946e-07 7.840067376722764e-08
492 2952 8.646281282080468e-05 0 0 2.9750863344100054e-07 5.4929486786864185e-08
493 2958 0.00010435836797461257 0 0 3.937739144659376e-07 7.180278629293148e-08
494 2964 0.00011496808660334552 0 0 3.887984779516053e-07 7.135583885617993e-08
495 2970 0.00016223458387851282 0 0 5.435530268674416e-07 9.615198215527702e-08
496 2976 0.0001771039147092606 0 0 6.059506654720016e-07 1.0852989973265872e-07
497 2982 0.00014738293641809155 0 0 4.2818817706991524e-07 7.721464682454463e-08
498 2988 0.00014282479097728532 0 0 3.997363996618041e-07 7.027556130825604e-08
499 2994 0.00019388626571178314 0 0 5.004599201642644e-07 9.336047149805284e-08
500 3000 0.00025375847682957705 0 0 7.194141567242398e-07 1.2804099889774957e-07
501 3006 0.00018482406266394824 0 0 4.5663420643946345e-07 8.295718914762579e-08
502 3012 0.0001806849480213126 0 0 4.6928712576704476e-07 8.561806631381878e-08
503 3018 0.0001394212708729447 0 0 3.636162452921488e-07 6.56413342385875e-08
504 3024 0.00018116514059689681 0 0 5.203267842362492e-07 8.907922652074655e-08
505 3030 0.0001751619325669567 0 0 4.817454270844428e-07 8.341798803930492e-08
506 3036 0.00015128256898916238 0 0 3.4216194248182034e-07 5.9143031928084864e-08
507 3042 0.0001799339900017449 0 0 3.774453844252075e-07 6.61658497056254e-08
508 3048 0.0001668116426497007 0 0 3.3056090235480496e-07 5.6480316738317375e-08
509 3054 0.00016365991567678347 0 0 3.082032249884807e-07 5.3108091993310436e-08
510 3060 0.00013668815891320344 0 0 2.274384562962533e-07 4.040887621201876e-08
511 3066 0.0001517395839796913 0 0 2.751207733869988e-07 4.9109635528477144e-08
512 3072 0.00016131117635073317 0 0 3.0748503671900715e-07 5.653449115697998e-08
513 3078 0.00018140591124598095 0 0 4.0172180803042566e-07 7.360420607004957e-08
514 3084 0.00021543580343254842 0 0 5.356860237090073e-07 9.663699797775424e-08
515 3090 0.00023803988926292933 0 0 5.257093885490144e-07 9.554437774119851e-08
515 3090 0.00023803988926292933 0 0 5.257093885490144e-07 9.554437774119851e-08
