% # columns="iter, evals, sigma, 0, fitness, xbest" seed=42, Mon Apr 28 17:03:23 2025, <python>{}</python>
1 6 0.008640403892788875 0 0.04233297258162701 0.20912785635367764 0.19942760971141585
2 12 0.010084140927204095 0 0.00888285742010287 0.2058002652744134 0.19280480859757212
3 18 0.010845184527438769 0 0.04239787297353494 0.2091127322981841 0.18725848513851073
4 24 0.014840903451666968 0 0.015065980872235617 0.2063739342322067 0.15968129581285734
5 30 0.012516107408460101 0 0.026195513024906334 0.20463844575052667 0.19166154711900996
6 36 0.010607613265477892 0 0.006167381770558228 0.20596309731480725 0.19648322670878146
7 42 0.00891139157304312 0 0.014679778465591055 0.207299985451766 0.19611507118694715
8 48 0.007289383327648431 0 0.010444685591044264 0.20700926785365675 0.2069996764332141
9 54 0.0056011174341147755 0 0.0020749932107608144 0.20644772967310498 0.20033751649241402
10 60 0.004405855682424385 0 0.0027154076456130743 0.2062124151091144 0.1974572680739037
11 66 0.004617381797763784 0 0.005770344786108334 0.20667653356380747 0.20745106488144993
12 72 0.004658317072343982 0 0.008928970417533977 0.20687256301431062 0.21078358386102639
13 78 0.003922629390178244 0 0.002413513306900911 0.2062164562588946 0.199798646472762
14 84 0.0051376486255234706 0 0.004923898600918704 0.20626925178105115 0.21328890961440242
15 90 0.0036778754788236506 0 0.0021227319938281522 0.20625840880750224 0.2033378192064109
16 96 0.0028383545031751196 0 0.003058626777893122 0.20617886914004221 0.2035838873668127
17 102 0.0029270943537211664 0 0.0021113611003221577 0.2062401875060502 0.20022449045744942
18 108 0.0024806804703727875 0 0.0017293587410904697 0.2063556648776052 0.20359719779615407
19 114 0.0023662319087309983 0 0.0016873897677149874 0.20631421731699792 0.1983450646871145
20 120 0.002041600397453837 0 0.0017752691426630544 0.20636582081880078 0.19774122451195353
21 126 0.0018848507743567777 0 0.0013912243232422025 0.20635725359078336 0.2012526313167347
22 132 0.0015527757412925392 0 0.0016846920348985491 0.20641045405745104 0.20052911394179582
23 138 0.0012860858403337995 0 0.0015070256134479874 0.206303783179729 0.20098900157409794
24 144 0.0010526032198820193 0 0.0013733881938368744 0.2063414773431934 0.20037056791676403
25 150 0.0008362715247110716 0 0.0013777599235662535 0.20634689010392912 0.2012154497831484
26 156 0.0006247414229184354 0 0.0013670327183527848 0.20634824562572196 0.20081747283546844
27 162 0.000506255557550332 0 0.001366950746198265 0.20634122988754344 0.20074187202020669
28 168 0.0004766333027253035 0 0.001369909725865891 0.20634085140439443 0.20051088474934436
29 174 0.0004083654008055338 0 0.0013674347441795837 0.20634562548566324 0.2005533741892477
30 180 0.0003801717065614179 0 0.0013678243400790974 0.20634358984197643 0.20090700252190935
31 186 0.00031973511195143345 0 0.0013662378120909123 0.2063431074360965 0.20075296155413475
32 192 0.0002609341435759264 0 0.00136637562804949 0.20634770542821787 0.20068836943381416
33 198 0.00022115302079773655 0 0.0013663893221183933 0.20634364282509365 0.20065173893907884
34 204 0.00017588709028372332 0 0.0013659557244292022 0.20634545676723637 0.20073706786359502
35 210 0.0001379124985094863 0 0.0013659043895502363 0.2063446959337149 0.20076294436424771
36 216 0.00013222568765196288 0 0.0013659610710256428 0.20634533905357685 0.2007712579233243
37 222 0.00010572773904979602 0 0.0013659562851772204 0.2063446689348247 0.20076380922301423
38 228 0.00010351778811358366 0 0.0013658370658806865 0.20634493088216738 0.20071597246136608
39 234 9.402284426822672e-05 0 0.0013658677377425198 0.20634505796011815 0.20070927062031266
40 240 7.508630351023968e-05 0 0.0013658407620327506 0.20634484080094026 0.20072002929093233
41 246 8.139408356535428e-05 0 0.001365831319595612 0.2063449681855988 0.20075853069630192
42 252 8.338072818141763e-05 0 0.0013658357990959202 0.20634555451990577 0.20074152355405367
43 258 8.326811299219756e-05 0 0.0013658133316977225 0.2063454144055606 0.2007163728351334
44 264 9.131823985709969e-05 0 0.0013658692302405912 0.20634605831260167 0.20071856147664888
45 270 8.276376707890512e-05 0 0.0013658328418405905 0.20634541350829147 0.2007086413528015
46 276 7.030323569076718e-05 0 0.0013657938446407988 0.20634541012564783 0.200696364484489
47 282 8.386556308257445e-05 0 0.0013658457676069926 0.2063454072580533 0.2007397500532942
48 288 0.00010252437946797656 0 0.0013657983535262132 0.20634594995369043 0.20070663572781497
49 294 8.508616384527967e-05 0 0.0013658881456502779 0.20634561682458896 0.20072976828627176
50 300 7.41936068361277e-05 0 0.0013657210972314515 0.20634535275926513 0.2007129397451061
51 306 9.161539268940695e-05 0 0.0013658574005005963 0.20634506964601113 0.2007333544397307
52 312 9.716139629453853e-05 0 0.001365880504721036 0.20634493110071692 0.2007364910849861
53 318 7.25426360330205e-05 0 0.0013658164289084677 0.20634513190116047 0.20073183319805912
54 324 9.104290855469342e-05 0 0.0013657788302954411 0.20634560231787888 0.20071514567952464
55 330 0.00010187203798453838 0 0.0013657738528957855 0.20634488434691517 0.20071798228992221
56 336 7.854909243228617e-05 0 0.0013657801850771429 0.2063453888558579 0.20072251081451695
57 342 6.63627086725109e-05 0 0.001365859712132979 0.20634541169158643 0.20072374991366734
58 348 6.727296059839266e-05 0 0.0013657665270118947 0.20634540793976178 0.20072985561268827
59 354 6.917004894204138e-05 0 0.0013658208628390433 0.2063456908510756 0.2007184832337728
60 360 6.465536151744084e-05 0 0.0013657968396126633 0.2063453036639018 0.20073485625724238
61 366 4.713802461099439e-05 0 0.0013657624673649076 0.20634537919420368 0.2007304125137448
62 372 4.930946595940513e-05 0 0.0013658403799533356 0.20634558589803922 0.20072130501888355
63 378 5.027008497588919e-05 0 0.0013658407354625963 0.20634530874997775 0.20073890905214548
64 384 5.254531124103227e-05 0 0.001365736569504453 0.2063453163328057 0.20073338650677858
65 390 4.649829524829587e-05 0 0.0013658177562475052 0.2063452767802703 0.2007321036932299
66 396 3.928416676718241e-05 0 0.0013658622850663319 0.2063451735371444 0.20073717736409136
67 402 3.397185369361627e-05 0 0.0013657725817248874 0.20634522378462739 0.20073576999599416
68 408 2.478390516852564e-05 0 0.0013657583692286489 0.2063452820808892 0.20073450521047786
69 414 2.8331270616986834e-05 0 0.0013657664993903564 0.2063452195372667 0.2007379136622526
70 420 2.4382577968064102e-05 0 0.0013657247958440762 0.20634521052799212 0.20073826888863955
71 426 2.245956698064977e-05 0 0.0013657711840846356 0.20634524289548603 0.20073642623921312
72 432 1.7684966623706197e-05 0 0.0013657507858800943 0.20634521241016282 0.20073610795568808
73 438 2.245651168573852e-05 0 0.001365789649627663 0.20634520464277414 0.2007387834134839
74 444 2.815411160287815e-05 0 0.0013658387707293346 0.20634517928710816 0.2007408159825364
75 450 2.9736409712417125e-05 0 0.0013658217295985952 0.20634516937537695 0.20073776148780356
76 456 2.4311681210906333e-05 0 0.0013658325016356403 0.2063451687557582 0.20073943570656744
77 462 2.4473664439171842e-05 0 0.0013658274537767003 0.20634516194171929 0.2007373042764126
78 468 2.241238323425871e-05 0 0.0013658131532268932 0.20634514372013407 0.2007415541537444
79 474 2.073754246323583e-05 0 0.0013657751209923516 0.20634515685853355 0.20074107335551472
80 480 2.0470746920339295e-05 0 0.0013657881320894786 0.20634514248042798 0.20074124182947625
81 486 2.3816193702752047e-05 0 0.0013657801240113548 0.20634512990673443 0.20074267202152396
82 492 2.9391122791882026e-05 0 0.0013657037688435192 0.2063451347964932 0.20074456098890434
83 498 3.107185150798984e-05 0 0.0013658077784612344 0.20634516138546047 0.20074305275767496
84 504 3.2454838704325e-05 0 0.0013658236272639434 0.2063451123717302 0.20074493055170878
85 510 2.7317318502267674e-05 0 0.001365788783225383 0.20634514267211096 0.2007435322481451
86 516 2.4751064114228724e-05 0 0.0013658326668598724 0.20634512248293665 0.20074309287514122
87 522 2.420606165415581e-05 0 0.0013657542147126234 0.206345106222142 0.20074331782646251
88 528 1.76242005780511e-05 0 0.0013657922385179714 0.2063451261103316 0.20074283936498402
89 534 2.291495814505054e-05 0 0.0013657719893350414 0.20634513459885417 0.20074138328364396
90 540 2.1411091398293148e-05 0 0.0013658091817462983 0.2063451250045201 0.20074279453958646
91 546 1.5979221590447743e-05 0 0.0013657994786305104 0.20634512056720952 0.200742725783625
92 552 1.579766119721387e-05 0 0.0013657445437046448 0.20634511416620369 0.20074302847293873
93 558 1.4649268146949184e-05 0 0.0013657631097405145 0.20634511366336153 0.2007430176018334
94 564 1.665576586799477e-05 0 0.0013657955558294044 0.20634510588188004 0.20074350052585996
95 570 1.9320022923870973e-05 0 0.0013658091934654994 0.20634509453516342 0.2007439848490233
96 576 1.6738854768697633e-05 0 0.0013657882202778428 0.20634509411484975 0.2007441508647294
97 582 1.4349043860990363e-05 0 0.0013657785754225679 0.20634509421974426 0.20074381438990882
98 588 1.5178153865818408e-05 0 0.0013658439667449244 0.2063450873768944 0.2007444535229559
99 594 1.5133129369290876e-05 0 0.0013657914497778704 0.20634509318548377 0.20074447018290037
100 600 1.5110022141286245e-05 0 0.0013657900470601181 0.20634509824816258 0.2007438512457516
101 606 1.746470674807255e-05 0 0.0013658257223232535 0.20634510563415331 0.20074360381158388
102 612 1.5754400005777865e-05 0 0.001365787996267126 0.20634510424123428 0.20074381560505186
103 618 1.3011596234473536e-05 0 0.001365781898841692 0.20634510189310984 0.2007438574542776
104 624 1.4612686027874057e-05 0 0.001365783767322852 0.20634511163373528 0.20074335337451787
105 630 1.1054178146631578e-05 0 0.001365818310532985 0.20634510185462876 0.20074360746233025
106 636 9.11614460243538e-06 0 0.0013657164672866674 0.20634510854035049 0.20074334634174046
107 642 7.390843905072289e-06 0 0.0013658023064858041 0.20634510285063642 0.20074370077104098
108 648 6.180462895556099e-06 0 0.0013658458994966756 0.20634510541861684 0.20074358518800897
109 654 6.154219661490483e-06 0 0.0013658114892209875 0.20634510698189112 0.20074345884150305
110 660 6.076590424458774e-06 0 0.0013657696218296086 0.20634511019880653 0.20074325457977554
111 666 4.337925961553438e-06 0 0.0013657951529243385 0.20634510953869456 0.20074333358509752
112 672 3.2195170048632364e-06 0 0.0013657696135660976 0.20634510808630763 0.20074339782841735
113 678 3.1344814092118675e-06 0 0.0013657623052279282 0.20634510925312144 0.2007433022006127
114 684 3.4829904786949748e-06 0 0.0013657624361330053 0.2063451097867595 0.20074328249620857
115 690 4.702061586253622e-06 0 0.0013657453459076788 0.20634511180777448 0.20074316770922032
116 696 5.717143868658508e-06 0 0.0013658183484174468 0.20634511220908558 0.20074312023084373
117 702 6.354037955717484e-06 0 0.0013657676965998743 0.20634511076124867 0.20074315270632276
118 708 6.982331007469497e-06 0 0.0013658043389239895 0.20634510923637797 0.20074324526444778
119 714 7.273960018814522e-06 0 0.0013657624493687568 0.2063451088230346 0.20074329348838418
120 720 7.6150321736732324e-06 0 0.001365820985294671 0.2063451077870469 0.20074333549182904
121 726 1.0228128537209567e-05 0 0.0013657890053899923 0.20634510426180333 0.20074355007191116
122 732 1.0281029601087378e-05 0 0.0013657712407560483 0.2063451110740848 0.2007430964819978
123 738 8.87126224923527e-06 0 0.0013658204555283893 0.2063451087310901 0.20074330789458086
124 744 8.05559251433989e-06 0 0.0013658048956614168 0.2063451089716632 0.20074324849420824
125 750 1.1495977314725978e-05 0 0.0013657877199769188 0.2063451036627933 0.20074360729464627
126 756 9.869517322605048e-06 0 0.0013658043776584331 0.2063451066899087 0.20074339350712542
127 762 1.242916527065381e-05 0 0.0013657994568662356 0.20634510266868694 0.20074358515276136
128 768 1.571043450859356e-05 0 0.0013657745402848348 0.20634509883591834 0.2007438453169573
129 774 1.348513406305239e-05 0 0.001365822427465307 0.2063450976526362 0.20074394628393238
130 780 1.1642496774637939e-05 0 0.0013657736318798347 0.20634510495264277 0.20074351870810622
131 786 9.240143572389632e-06 0 0.0013657811559169275 0.20634510625643918 0.20074342654409885
132 792 7.940828305478906e-06 0 0.0013657876667948518 0.2063451087184671 0.20074331982187332
133 798 6.4982217900738566e-06 0 0.0013657862489792644 0.2063451082060589 0.20074333530786403
134 804 5.4196910202226045e-06 0 0.001365786162345879 0.2063451046404246 0.20074352954806338
135 810 5.023081786818724e-06 0 0.0013657483760485685 0.20634510765355324 0.20074336500398865
136 816 4.719614100922037e-06 0 0.001365836860052012 0.20634510674762255 0.20074341501352852
137 822 3.7000926779451854e-06 0 0.0013658467350227057 0.20634510635583153 0.20074343815803078
138 828 3.0291228215324606e-06 0 0.0013658165245765313 0.2063451070002539 0.20074339537534047
139 834 2.309077827124329e-06 0 0.0013656765331682146 0.20634510691962107 0.20074340431490276
140 840 1.7439919667841228e-06 0 0.0013658048623618863 0.206345107157291 0.20074338999948185
141 846 1.4737247835448895e-06 0 0.0013657009133072552 0.20634510671559153 0.20074341286709968
142 852 1.406740351348931e-06 0 0.0013657818091416672 0.2063451065726828 0.20074341997050588
143 858 1.084737655015241e-06 0 0.0013657660085642208 0.2063451067584956 0.20074341063862802
144 864 9.031727706889862e-07 0 0.0013658227371474653 0.20634510655755628 0.20074342060526762
145 870 8.88315049493427e-07 0 0.0013658014494578935 0.20634510623767757 0.20074343717399015
146 876 1.0185963630839966e-06 0 0.0013658114458406795 0.20634510625812288 0.2007434359951793
147 882 1.439981425046034e-06 0 0.0013658336536971295 0.2063451059823058 0.2007434499726469
148 888 1.514624400920318e-06 0 0.0013658010443976282 0.2063451059761633 0.20074345057901294
149 894 1.4149463103265366e-06 0 0.0013657195358723496 0.20634510573678094 0.2007434634438001
150 900 1.6929473009509001e-06 0 0.0013658136230181596 0.20634510596074465 0.20074345285712236
151 906 1.518817407608046e-06 0 0.0013658181727845367 0.2063451058771021 0.20074345639862898
152 912 1.3321179011531552e-06 0 0.0013657607114338265 0.20634510569791573 0.20074346475581675
153 918 1.3251610731656294e-06 0 0.0013657590396958569 0.20634510581133161 0.20074345878079808
154 924 1.0386524796968074e-06 0 0.0013657754394578929 0.2063451057944748 0.20074346027846604
155 930 1.0621103877226814e-06 0 0.0013657624723570948 0.2063451058807016 0.20074345532570342
156 936 1.008655599497937e-06 0 0.0013657513235463224 0.20634510576882428 0.20074346114611002
157 942 8.562827785395991e-07 0 0.0013657611194183644 0.20634510579360463 0.20074346002388643
158 948 7.448667192713937e-07 0 0.0013657468938245898 0.20634510581037716 0.20074345946187044
159 954 8.054174045330823e-07 0 0.0013658195425150412 0.2063451057165205 0.20074346420247793
160 960 7.329282529153858e-07 0 0.0013657603989002318 0.20634510579749696 0.20074346042979127
161 966 1.0186789551773637e-06 0 0.001365796483844352 0.20634510573851148 0.2007434638298884
162 972 8.278038574876313e-07 0 0.0013657886209063053 0.20634510577111806 0.20074346185347292
163 978 7.377456167985815e-07 0 0.0013657770563680982 0.20634510571393483 0.20074346484181899
164 984 1.3620600663339565e-06 0 0.001365766842384899 0.20634510558211516 0.20074347223596484
165 990 1.0281004183227276e-06 0 0.0013657583975021836 0.2063451056109842 0.20074347014511976
166 996 8.467354613371262e-07 0 0.0013657561381161846 0.2063451056895971 0.20074346617283081
167 1002 6.536572436587167e-07 0 0.0013657703369254813 0.20634510575530246 0.20074346231040868
168 1008 5.176943358738041e-07 0 0.0013658415357575972 0.20634510566641914 0.20074346708093307
169 1014 5.421824988026448e-07 0 0.001365766642096311 0.20634510576837442 0.20074346148042324
170 1020 5.025851249950882e-07 0 0.0013657884072089336 0.20634510581455878 0.20074345892966958
171 1026 5.192184814959447e-07 0 0.0013657438085896041 0.20634510578713489 0.2007434603403416
172 1032 5.778268367808665e-07 0 0.0013657488468684766 0.20634510581663373 0.2007434588888325
173 1038 4.896822864981116e-07 0 0.0013658141366388109 0.20634510583695204 0.2007434577193045
174 1044 4.4232312596842766e-07 0 0.0013657928038107324 0.20634510575057674 0.200743462371023
175 1050 3.8486739863991726e-07 0 0.001365779623957707 0.2063451057589473 0.20074346191730297
176 1056 3.1497503163839646e-07 0 0.0013656954849029924 0.20634510580432647 0.20074345939519006
177 1062 2.9941383572869074e-07 0 0.0013657821536470947 0.2063451058004241 0.2007434596052988
178 1068 2.472575699052162e-07 0 0.0013657534943431135 0.20634510579923496 0.2007434596677712
179 1074 2.124342147386771e-07 0 0.001365780430541245 0.20634510577834594 0.20074346083207734
180 1080 2.221273942869032e-07 0 0.0013657929414194001 0.206345105812935 0.20074345892856016
181 1086 1.691394417649087e-07 0 0.0013657762263318135 0.2063451058004087 0.20074345963355297
182 1092 1.715234968358245e-07 0 0.0013657217166024602 0.20634510578382045 0.2007434605499701
183 1098 1.48514496601195e-07 0 0.001365792990152181 0.2063451057823394 0.20074346062769846
184 1104 1.4490831254630066e-07 0 0.0013657913085130952 0.2063451057825232 0.20074346062102186
185 1110 1.7175724089788393e-07 0 0.0013657916839171357 0.20634510577752013 0.20074346090570916
186 1116 1.9934115571334583e-07 0 0.0013657612301713421 0.20634510576373893 0.2007434616729355
187 1122 1.6456667177220933e-07 0 0.0013657725580140247 0.2063451057938855 0.20074345998101917
188 1128 1.7514619061093734e-07 0 0.0013657905894571929 0.2063451057821655 0.20074346065477525
189 1134 1.4383023819995775e-07 0 0.0013658013621882683 0.20634510578100737 0.20074346071193588
190 1140 1.1891751088148833e-07 0 0.001365771292786593 0.20634510577470724 0.20074346105726165
191 1146 1.4960608725255486e-07 0 0.0013657864851008424 0.2063451057714311 0.20074346123133285
192 1152 1.346444716191887e-07 0 0.0013657287233750318 0.20634510576855128 0.200743461395791
193 1158 1.5916732764408659e-07 0 0.00136581137230172 0.20634510575554676 0.20074346211199495
194 1164 1.9364278939528427e-07 0 0.0013657399214895912 0.20634510574316056 0.20074346279015204
195 1170 2.0182168669615625e-07 0 0.001365738145918857 0.2063451057514149 0.200743462332658
196 1176 2.0967480730690083e-07 0 0.0013657666806292446 0.20634510574059356 0.2007434629213235
197 1182 2.0207790765780713e-07 0 0.0013657516798719364 0.2063451057614279 0.2007434617866748
198 1188 2.1042377199281218e-07 0 0.0013657638719071536 0.2063451057885843 0.20074346029434176
199 1194 1.9221770101095148e-07 0 0.0013657345886703381 0.20634510577266643 0.20074346116494576
200 1200 1.521779026686002e-07 0 0.001365770733216398 0.2063451057607897 0.20074346181498406
201 1206 1.299226049143486e-07 0 0.0013657756245415347 0.2063451057742864 0.20074346107733954
202 1212 1.4207589121320617e-07 0 0.0013657817720208285 0.20634510577740311 0.20074346090862694
203 1218 1.1633651906416859e-07 0 0.0013657662945474474 0.20634510577845838 0.20074346084831826
204 1224 9.326545298179875e-08 0 0.0013657781535216095 0.20634510578017468 0.20074346075438784
205 1230 9.66892498411059e-08 0 0.0013657530040438951 0.20634510577140774 0.20074346123522108
206 1236 1.0044037090560578e-07 0 0.0013658318673447885 0.20634510577489326 0.2007434610433612
207 1242 1.2410112598050934e-07 0 0.0013657828603215961 0.20634510576372178 0.20074346165638385
208 1248 9.200191449085026e-08 0 0.001365772275069629 0.2063451057824668 0.20074346062820722
209 1254 8.46368641400224e-08 0 0.0013657830871222547 0.20634510577421464 0.20074346108123411
210 1260 8.670941989001625e-08 0 0.0013657684308001257 0.20634510578049015 0.20074346073746266
211 1266 9.561729101372805e-08 0 0.0013657200166978648 0.20634510577703705 0.20074346092609385
212 1272 1.0471475918242916e-07 0 0.001365787849172969 0.20634510578628915 0.20074346041793723
213 1278 1.4652983941848468e-07 0 0.0013657658723504613 0.20634510577994095 0.2007434607642322
214 1284 1.494887923452312e-07 0 0.001365774272111612 0.2063451057708039 0.2007434612660846
215 1290 1.4155982822150273e-07 0 0.001365740004517179 0.20634510577359205 0.20074346111422
216 1296 1.173463042307144e-07 0 0.0013657281471179353 0.20634510577456006 0.20074346105963922
217 1302 9.891887664448212e-08 0 0.0013657846964586276 0.20634510577139217 0.20074346123471298
218 1308 1.0326285149806082e-07 0 0.0013657349836369928 0.20634510577631554 0.20074346096486384
219 1314 7.409159293102333e-08 0 0.0013657563201809263 0.20634510577427476 0.20074346107624497
220 1320 6.04956401625684e-08 0 0.001365730221260928 0.20634510577462917 0.2007434610569511
221 1326 5.07572458845752e-08 0 0.0013657014458738615 0.2063451057786297 0.2007434608377725
222 1332 3.936590150460577e-08 0 0.0013657467688881326 0.20634510577443713 0.2007434610676064
223 1338 4.1318022682554164e-08 0 0.0013657577399002422 0.2063451057774773 0.20074346090081568
224 1344 3.4680222411158066e-08 0 0.0013657426359930736 0.20634510577669193 0.20074346094389137
225 1350 3.911890314588668e-08 0 0.0013658285802320687 0.20634510577539045 0.20074346101524562
226 1356 5.20416955778776e-08 0 0.0013657419495221208 0.20634510577402174 0.20074346109030347
227 1362 5.630179064765382e-08 0 0.0013657934177905829 0.20634510577024673 0.20074346129753579
228 1368 6.044620450742214e-08 0 0.001365720971922132 0.2063451057690068 0.20074346136537474
229 1374 7.507965365591573e-08 0 0.0013657932787076261 0.20634510576816564 0.20074346141138652
230 1380 7.72064446903484e-08 0 0.0013657778694271968 0.20634510576939924 0.20074346134387877
231 1386 7.572165768083e-08 0 0.0013657815474724308 0.20634510576512805 0.2007434615780289
232 1392 6.969820129980502e-08 0 0.0013658032359635853 0.2063451057674864 0.20074346144858812
233 1398 7.769065442894695e-08 0 0.001365783665569626 0.20634510577149462 0.2007434612288965
234 1404 1.0015443488516129e-07 0 0.001365778573884274 0.20634510577949466 0.20074346079017338
235 1410 1.2323515704295822e-07 0 0.0013657543378723515 0.206345105771293 0.2007434612396747
236 1416 1.3582375678515846e-07 0 0.001365745658286054 0.20634510576228957 0.20074346173346705
237 1422 1.5978172570593603e-07 0 0.001365725488717553 0.20634510578045576 0.20074346073723845
238 1428 1.6964014257407495e-07 0 0.0013657554699261678 0.20634510578181145 0.20074346066240675
239 1434 1.6811711607993889e-07 0 0.0013657744352814146 0.20634510578864648 0.2007434602880058
240 1440 1.321062000912302e-07 0 0.001365775894693761 0.20634510577308252 0.20074346114137379
241 1446 1.8749468463301707e-07 0 0.0013658076965284507 0.2063451057957485 0.2007434598986323
242 1452 1.9060224937641748e-07 0 0.0013657761932658506 0.2063451058000623 0.20074345966227936
243 1458 1.6426927856462698e-07 0 0.001365825798170308 0.20634510579099133 0.20074346015972955
244 1464 1.4215374881353047e-07 0 0.001365758795632035 0.2063451057852259 0.20074346047577413
245 1470 1.4950726358819807e-07 0 0.0013657244637901246 0.20634510577227871 0.20074346118567088
246 1476 1.2399496914331788e-07 0 0.001365755630444307 0.20634510579114335 0.20074346015142439
247 1482 1.0395395310992514e-07 0 0.0013657344843536231 0.20634510578806714 0.20074346032010634
248 1488 9.066004558641006e-08 0 0.0013657873186238398 0.20634510578716753 0.20074346036937102
249 1494 8.861155726603631e-08 0 0.00136576844002145 0.20634510577918688 0.20074346080683753
250 1500 1.2390623243715825e-07 0 0.0013657423434915111 0.2063451057684181 0.20074346139718963
251 1506 1.3247805174577882e-07 0 0.0013657660514105182 0.2063451057780365 0.2007434608698485
252 1512 1.4840201235564335e-07 0 0.0013657585305656495 0.20634510576411805 0.2007434616328953
253 1518 1.368438872423901e-07 0 0.0013657611013962634 0.20634510575626744 0.20074346206324278
254 1524 1.3583533041423877e-07 0 0.0013657509690863329 0.2063451057812134 0.2007434606957054
255 1530 1.3914798511123178e-07 0 0.001365802745509129 0.20634510578169124 0.20074346066958956
256 1536 1.2935369651769753e-07 0 0.0013657960809711483 0.20634510578472873 0.2007434605030212
257 1542 1.1747446352923551e-07 0 0.0013658053694989966 0.20634510578525378 0.20074346047421643
258 1548 8.695517670961856e-08 0 0.001365790636548356 0.2063451057815078 0.20074346067957125
259 1554 8.213580820110404e-08 0 0.0013658207977692426 0.206345105778875 0.20074346082388206
260 1560 6.880726255291944e-08 0 0.0013657756000156841 0.2063451057803217 0.20074346074460947
261 1566 5.531674903909647e-08 0 0.00136573459698281 0.2063451057823138 0.2007434606353958
262 1572 5.85950697496085e-08 0 0.001365767440726605 0.20634510578707 0.20074346037466023
263 1578 5.4705680443531846e-08 0 0.0013657658258949346 0.20634510578270934 0.20074346061371046
264 1584 6.267979730194598e-08 0 0.0013657879061053752 0.20634510578538234 0.2007434604671957
265 1590 7.756027080052515e-08 0 0.0013658058561929328 0.20634510578346751 0.20074346057217765
266 1596 8.267653018551163e-08 0 0.001365687885148221 0.206345105785866 0.20074346044071406
267 1602 6.574409275255453e-08 0 0.0013657697279618063 0.2063451057805761 0.20074346073068217
268 1608 7.056608575999121e-08 0 0.0013657786737741413 0.20634510578312168 0.20074346059112808
269 1614 5.892728871126478e-08 0 0.0013657939236747898 0.20634510578372256 0.20074346055821307
270 1620 5.1105681551959175e-08 0 0.0013657443946546647 0.20634510578502824 0.20074346048661912
271 1626 4.52488458309793e-08 0 0.0013657901000930926 0.20634510578212897 0.2007434606455498
272 1632 5.426657325049296e-08 0 0.0013657579097374408 0.20634510578012302 0.20074346075550367
273 1638 7.241910004870443e-08 0 0.001365725617317474 0.20634510577627557 0.20074346096640683
274 1644 8.31762578452077e-08 0 0.0013657855449180102 0.2063451057788822 0.20074346082352718
275 1650 1.0204600572900738e-07 0 0.0013658102006662532 0.20634510578734452 0.2007434603602899
276 1656 9.777862848695195e-08 0 0.001365726476874634 0.20634510578233153 0.20074346063552803
277 1662 9.061247782633993e-08 0 0.0013658028704302116 0.20634510577962933 0.20074346078273683
278 1668 1.0235522707384398e-07 0 0.0013658000342275471 0.2063451057875904 0.20074346034599666
279 1674 9.266060789888115e-08 0 0.0013657918863824291 0.20634510577385023 0.20074346109934363
280 1680 6.827228908079837e-08 0 0.0013657972887436318 0.2063451057781531 0.20074346086305775
281 1686 4.9176216318189084e-08 0 0.001365746467022878 0.20634510577843862 0.20074346084803774
282 1692 5.7777553837542535e-08 0 0.0013657648957478633 0.20634510577598014 0.20074346098264295
283 1698 5.052861393717323e-08 0 0.001365777493419932 0.20634510577534193 0.20074346101764515
284 1704 3.899725935747745e-08 0 0.0013658266341511124 0.2063451057757674 0.20074346099521984
285 1710 3.650198381197019e-08 0 0.0013657549149142991 0.20634510577545434 0.20074346101174678
286 1716 4.187758111807492e-08 0 0.0013657694163216093 0.20634510577214407 0.20074346119333367
287 1722 4.430580109735072e-08 0 0.0013657780064696228 0.20634510577249934 0.20074346117332478
288 1728 3.6237032651647976e-08 0 0.0013657753431985714 0.20634510577303936 0.20074346114422095
289 1734 2.9103561473287103e-08 0 0.001365788817933916 0.20634510577431833 0.20074346107418986
290 1740 2.1607096927093612e-08 0 0.0013657744543719974 0.2063451057737641 0.20074346110511268
291 1746 2.8503987803615882e-08 0 0.001365784134401948 0.20634510577426105 0.20074346107707436
292 1752 2.3094624949074158e-08 0 0.0013657879823178148 0.20634510577264187 0.20074346116589278
293 1758 2.78143599788148e-08 0 0.001365792353136599 0.20634510577404833 0.20074346108874178
294 1764 2.699724416231117e-08 0 0.001365801794987715 0.20634510577446 0.20074346106616042
295 1770 3.2390495166263683e-08 0 0.0013657397044307962 0.20634510577465853 0.20074346105540253
296 1776 2.4733491368022122e-08 0 0.0013657776104051738 0.20634510577352252 0.2007434611178456
297 1782 3.400471775821099e-08 0 0.0013656942473644757 0.20634510577350745 0.20074346111815766
298 1788 3.7707993068071396e-08 0 0.001365791081980005 0.20634510577319523 0.20074346113528202
299 1794 3.9142801856723045e-08 0 0.0013658011924739639 0.20634510577474421 0.200743461050699
300 1800 3.196304875597808e-08 0 0.00136577151446871 0.2063451057737921 0.2007434611025402
301 1806 4.988998552000245e-08 0 0.0013656254946851206 0.20634510577301007 0.2007434611454425
302 1812 7.550246350935084e-08 0 0.0013657834859141375 0.20634510577360607 0.20074346111301275
303 1818 6.563663608273661e-08 0 0.0013657783724882924 0.20634510577173065 0.2007434612156296
304 1824 5.442223614552405e-08 0 0.0013657920433720805 0.2063451057725269 0.20074346117181785
305 1830 5.564777240622924e-08 0 0.0013657817450658581 0.20634510577191584 0.20074346120546915
306 1836 6.153896292072608e-08 0 0.0013657793441029836 0.20634510577339332 0.20074346112468014
307 1842 5.3839419247206434e-08 0 0.0013657686204713222 0.20634510577282533 0.20074346115635644
308 1848 5.07477409693958e-08 0 0.0013657577584357328 0.20634510577188783 0.2007434612071321
309 1854 3.9230998730193773e-08 0 0.001365802007763264 0.20634510577288218 0.20074346115271846
310 1860 3.214634499883689e-08 0 0.0013657627383468667 0.20634510577254112 0.20074346117181785
311 1866 4.581913141787989e-08 0 0.0013657983669403723 0.20634510577296744 0.200743461148171
312 1872 4.309407440636743e-08 0 0.0013658014642520988 0.20634510577291015 0.20074346115105549
313 1878 3.420086257450798e-08 0 0.001365761314066313 0.20634510577279647 0.20074346115742195
314 1884 2.5615287588957232e-08 0 0.0013657701780377329 0.20634510577312332 0.20074346113923205
315 1890 2.5444813080159364e-08 0 0.0013657874247044418 0.2063451057728249 0.20074346115560296
316 1896 2.286765608456147e-08 0 0.0013657227868069742 0.20634510577305226 0.20074346114377953
317 1902 1.8440258889900333e-08 0 0.0013657752120554234 0.2063451057731091 0.20074346114014155
318 1908 5.0125820652496436e-08 0 0.0013657751495671565 0.20634510577332185 0.20074346112847416
319 1914 1.2884578766762672e-07 0 0.0013657928810854169 0.20634510577265394 0.20074346116485395
320 1920 1.7203309605466641e-07 0 0.001365777071725429 0.20634510577349152 0.20074346111969127
321 1926 1.7200010295640468e-07 0 0.0013657527651861428 0.20634510577474208 0.20074346105056967
322 1932 1.3664583024798256e-07 0 0.0013657616485379697 0.2063451057738472 0.20074346109952637
323 1938 1.279871804864262e-07 0 0.0013658248444513568 0.2063451057723568 0.20074346118166625
324 1944 1.2061155780024653e-07 0 0.001365769823984298 0.2063451057723848 0.2007434611800033
325 1950 1.2799229248462683e-07 0 0.001365784507250673 0.2063451057723852 0.20074346117984726
326 1956 1.0870076261855227e-07 0 0.0013657954919742024 0.20634510577174572 0.20074346121531755
327 1962 1.8711887657348916e-07 0 0.0013657653213585293 0.20634510577177373 0.2007434612136546
328 1968 1.584406288752328e-07 0 0.0013657956482119444 0.2063451057716467 0.2007434612206185
329 1974 1.304359660550398e-07 0 0.001365788373028796 0.206345105771505 0.20074346122773842
330 1980 1.2548295246562645e-07 0 0.0013657106523270693 0.20634510577261259 0.20074346116711433
331 1986 9.528891408540139e-08 0 0.0013657959979846244 0.20634510577201573 0.20074346119985614
332 1992 7.23652702498413e-08 0 0.0013657933739634647 0.20634510577227153 0.20074346118621372
333 1998 6.50762786548961e-08 0 0.001365749601648674 0.20634510577180257 0.20074346121167957
334 2004 1.7689566573134132e-07 0 0.0013657641985221148 0.2063451057717031 0.20074346121713654
335 2010 3.143069261919125e-07 0 0.00136581436633245 0.20634510577116266 0.2007434612473059
336 2016 4.0553792993081247e-07 0 0.001365720924142763 0.20634510577084958 0.20074346126474232
337 2022 6.403243703516888e-07 0 0.0013658077518335396 0.2063451057683347 0.20074346140192
338 2028 5.960381074918684e-07 0 0.0013657854780375082 0.2063451057721415 0.20074346119336034
339 2034 4.9953527681393e-07 0 0.0013658115013995696 0.20634510577258203 0.20074346116880398
340 2040 4.835194077180102e-07 0 0.0013657885113283626 0.2063451057686749 0.20074346138313268
341 2046 4.042706005105257e-07 0 0.0013657294111515607 0.2063451057703802 0.20074346129036422
342 2052 3.726694837942971e-07 0 0.0013657637286205416 0.20634510577086423 0.20074346126367681
343 2058 3.778670655322642e-07 0 0.0013657573736598756 0.20634510577057957 0.20074346127929424
344 2064 3.100226911644968e-07 0 0.0013657862306634871 0.20634510577101925 0.20074346125414047
345 2070 2.300616848677584e-07 0 0.001365783450158905 0.2063451057713603 0.20074346123686007
346 2076 3.634454555947272e-07 0 0.0013657962007294078 0.20634510577151535 0.2007434612273237
347 2082 4.5669964382477666e-07 0 0.0013657519976415975 0.20634510577097576 0.200743461257181
348 2088 5.268359369072537e-07 0 0.0013657739495690783 0.20634510577074883 0.2007434612688484
349 2094 4.101891842009199e-07 0 0.001365774772937106 0.20634510577022258 0.20074346129810827
350 2100 3.950825948016508e-07 0 0.0013657340341307594 0.20634510577114587 0.20074346124733258
351 2106 5.55717040578161e-07 0 0.0013657768608925163 0.20634510577046247 0.20074346128508996
352 2112 4.5082540430516143e-07 0 0.0013657240811464088 0.20634510577067605 0.20074346127402
353 2118 5.397943924452649e-07 0 0.001365739867372136 0.20634510577010806 0.2007434613047868
354 2124 4.3956028939488214e-07 0 0.0013657686703465817 0.20634510576982426 0.20074346132009216
355 2130 3.1337884647874595e-07 0 0.0013657456516896701 0.206345105770335 0.2007434612931194
356 2136 4.390890495816515e-07 0 0.001365744704595856 0.2063451057698936 0.20074346131616883
357 2142 4.969288259015227e-07 0 0.0013657749290182733 0.20634510577071868 0.20074346127129153
358 2148 7.523309705875299e-07 0 0.0013656870474291942 0.2063451057711446 0.20074346124780068
359 2154 7.954911456526176e-07 0 0.0013657433976639534 0.20634510577021786 0.20074346129891513
360 2160 5.59770634479097e-07 0 0.0013657825561062009 0.20634510577049045 0.20074346128342702
361 2166 4.667565338805769e-07 0 0.0013657989745981623 0.20634510577044568 0.20074346128602616
362 2172 5.367877783170856e-07 0 0.001365745135794027 0.20634510577009169 0.20074346130556694
363 2178 5.872145703154959e-07 0 0.0013658065575793328 0.20634510576977863 0.2007434613220939
364 2184 4.7498200717769254e-07 0 0.0013657804087410868 0.206345105769621 0.20074346133165694
365 2190 4.987456175952529e-07 0 0.0013657780535895172 0.20634510576910986 0.20074346135969523
366 2196 5.674089073480095e-07 0 0.0013657342326280654 0.2063451057691525 0.20074346135696675
367 2202 6.446540430656618e-07 0 0.0013657901367580766 0.20634510576841225 0.2007434613974526
368 2208 5.701148819144931e-07 0 0.001365784868957158 0.20634510576947976 0.2007434613395303
369 2214 9.156952668506686e-07 0 0.0013657328692921894 0.2063451057675721 0.20074346144446095
370 2220 1.6669436852628083e-06 0 0.0013657846792000578 0.2063451057648406 0.2007434615938008
371 2226 1.9062871998390875e-06 0 0.0013658254416944952 0.20634510576518422 0.20074346157467474
372 2232 1.99373052635201e-06 0 0.001365739079668284 0.20634510577041898 0.2007434612881305
373 2238 2.221651709269656e-06 0 0.0013657612793533437 0.2063451057709861 0.2007434612567663
374 2244 2.380741606432366e-06 0 0.0013657704280852446 0.2063451057704194 0.200743461287065
375 2250 2.463601936113666e-06 0 0.0013658115542592982 0.20634510577264145 0.20074346116604883
376 2256 2.7060274410692025e-06 0 0.0013657323795288475 0.2063451057663943 0.20074346150841096
377 2262 2.2854262413615666e-06 0 0.0013657774155371926 0.20634510576537027 0.2007434615642022
378 2268 2.0018407377660184e-06 0 0.0013657597967158955 0.2063451057671918 0.20074346146413108
379 2274 1.460908565703566e-06 0 0.0013657626395394112 0.20634510576882778 0.20074346137528598
380 2280 1.4136423609091379e-06 0 0.001365768660322708 0.20634510576666473 0.200743461493703
381 2286 1.2422123709749651e-06 0 0.0013657710448184306 0.20634510576626683 0.20074346151462139
382 2292 9.71133049521162e-07 0 0.001365724566743919 0.2063451057675755 0.2007434614441222
383 2298 8.268032024687728e-07 0 0.0013657866754475507 0.20634510576811552 0.20074346141410887
384 2304 9.956881672239807e-07 0 0.0013657624256034383 0.2063451057680307 0.20074346141850033
385 2310 9.427883172636629e-07 0 0.0013657455288062516 0.20634510576812973 0.20074346141319938
386 2316 8.261883246229986e-07 0 0.0013657485030884986 0.20634510576740456 0.2007434614524637
387 2322 1.3012907990227934e-06 0 0.0013657681308263565 0.20634510576532805 0.20074346156677464
388 2328 1.768140182282352e-06 0 0.0013657996475596186 0.20634510576549944 0.20074346155736764
389 2334 2.0665430735686953e-06 0 0.001365788224223139 0.20634510576487375 0.20074346159208448
390 2340 1.8141279788140164e-06 0 0.001365798418565759 0.20634510576488752 0.200743461591331
391 2346 1.4428384979612758e-06 0 0.0013657287946731008 0.2063451057658547 0.20074346153735875
392 2352 1.488972274877021e-06 0 0.0013657907054013636 0.20634510576416276 0.20074346163043927
393 2358 1.1682364031606562e-06 0 0.0013657951494167743 0.20634510576539955 0.20074346156298065
394 2364 1.1318724749905589e-06 0 0.0013657488805490867 0.20634510576589693 0.2007434615356958
395 2370 1.1420207687490363e-06 0 0.0013657946200645761 0.20634510576559892 0.20074346155191067
396 2376 9.880712103686106e-07 0 0.0013658099288906009 0.20634510576552786 0.20074346155554865
397 2382 7.523193742478556e-07 0 0.001365745890608448 0.20634510576564155 0.20074346155009168
398 2388 7.4209219184749e-07 0 0.0013657996475596186 0.20634510576549944 0.20074346155736764
399 2394 8.793289151726579e-07 0 0.0013657566037808737 0.2063451057650869 0.20074346158026105
400 2400 1.115867423352415e-06 0 0.0013657443624795337 0.2063451057647312 0.20074346159951645
401 2406 1.3157783045336626e-06 0 0.0013657466474348273 0.20634510576427603 0.20074346162422885
402 2412 1.497732884813237e-06 0 0.001365756325136709 0.20634510576444656 0.2007434616151339
403 2418 1.2401841837570712e-06 0 0.0013657514940988672 0.20634510576451762 0.20074346161149592
404 2424 1.1986639405633886e-06 0 0.0013657546062405717 0.20634510576363568 0.2007434616600112
405 2430 2.5583618486226137e-06 0 0.0013657810324926834 0.20634510576411885 0.20074346163363585
406 2436 4.017103146648663e-06 0 0.0013657474239108704 0.2063451057618137 0.20074346175932883
407 2442 4.139809490031532e-06 0 0.001365737488733683 0.20634510576010667 0.20074346185363093
408 2448 4.8008971264996554e-06 0 0.0013657813009906683 0.20634510576037668 0.20074346183816952
409 2454 4.877479071824217e-06 0 0.0013657942037148105 0.20634510575875492 0.20074346192701462
410 2460 4.754017233880544e-06 0 0.0013657666294240158 0.20634510575633608 0.20074346205998359
411 2466 4.087455049534728e-06 0 0.0013657692381589606 0.206345105758143 0.200743461960978
412 2472 6.561157436852496e-06 0 0.0013657851832523608 0.20634510575874027 0.20074346192808015
413 2478 8.146211527267786e-06 0 0.0013657869328421062 0.20634510575343276 0.20074346221888648
414 2484 8.842155146759747e-06 0 0.0013658018845272013 0.20634510575735926 0.2007434620035949
415 2490 1.0004581218354933e-05 0 0.0013657874349568642 0.2063451057505299 0.20074346237763332
416 2496 8.944222625925972e-06 0 0.00136575333363699 0.2063451057522369 0.20074346228424075
417 2502 9.930415279178883e-06 0 0.0013657743066160899 0.2063451057517404 0.20074346231121354
418 2508 8.30432300247373e-06 0 0.0013657673047102299 0.20634510575104276 0.20074346234988039
419 2514 6.852430840789324e-06 0 0.0013658092227785284 0.2063451057528062 0.20074346225391537
420 2520 7.872625512247467e-06 0 0.0013657284542500329 0.20634510575219384 0.20074346228712525
421 2526 1.230049650588256e-05 0 0.0013657129746552576 0.20634510575483964 0.20074346214248892
422 2532 1.73473508150643e-05 0 0.0013657995833213136 0.2063451057545115 0.20074346216023742
423 2538 1.6330963204056053e-05 0 0.001365772941211348 0.2063451057548952 0.20074346213840955
424 2544 1.7859941690954937e-05 0 0.0013657820769276152 0.20634510575701517 0.20074346202287702
425 2550 2.3604769691021015e-05 0 0.001365728060873921 0.20634510576071644 0.20074346181953823
426 2556 2.3591648195852585e-05 0 0.0013657370291252984 0.20634510576216594 0.2007434617404122
427 2562 2.3694466505142547e-05 0 0.001365749594927421 0.2063451057602432 0.2007434618456549
428 2568 2.081417400526515e-05 0 0.0013657788261369674 0.20634510575781442 0.20074346197888251
429 2574 1.8057541120191092e-05 0 0.0013657515895069959 0.20634510575909512 0.2007434619091368
430 2580 1.896698227260331e-05 0 0.0013658002431763308 0.20634510575869677 0.2007434619302112
431 2586 1.7751942204538013e-05 0 0.0013657796748356647 0.20634510575843884 0.20074346194463377
432 2592 1.5470487775738684e-05 0 0.0013657922855736498 0.20634510575777007 0.20074346198132562
433 2598 1.4416599383107475e-05 0 0.0013657595885195062 0.20634510575805515 0.20074346196555215
434 2604 2.0359489867338262e-05 0 0.0013657799049295765 0.2063451057575694 0.2007434619919542
435 2610 1.7200373604803207e-05 0 0.0013657784045609561 0.20634510575803922 0.2007434619661763
436 2616 1.4961085971399951e-05 0 0.0013657692675696324 0.20634510575862272 0.2007434619349414
437 2622 1.3362041889563168e-05 0 0.0013658182168204496 0.20634510575833936 0.20074346195009074
438 2628 1.1611797706298485e-05 0 0.0013657746570052635 0.2063451057584802 0.20074346194237339
439 2634 1.3569838572549809e-05 0 0.0013657861559384812 0.20634510575815163 0.2007434619602779
440 2640 1.7353974090888488e-05 0 0.0013657355080980667 0.20634510575971868 0.20074346187429062
441 2646 2.2272534874193056e-05 0 0.0013657512649530663 0.20634510576018722 0.20074346184898081
442 2652 2.0845737749641493e-05 0 0.0013657595967111861 0.20634510575933457 0.20074346189536504
443 2658 1.8019474189298055e-05 0 0.0013657818746368974 0.20634510575983364 0.20074346186836556
444 2664 1.6866192357941262e-05 0 0.0013657617003281957 0.20634510576017556 0.2007434618498636
445 2670 1.7759071799388802e-05 0 0.001365759142448212 0.206345105760148 0.20074346185046105
446 2676 2.4452344273143233e-05 0 0.0013658002431763308 0.20634510575869677 0.2007434619302112
447 2682 2.98748150610225e-05 0 0.0013657515895829303 0.20634510575918166 0.20074346190321174
448 2688 3.0081112062228043e-05 0 0.001365766298973301 0.20634510575700182 0.20074346202347446
449 2694 3.0037347111148297e-05 0 0.0013658077840911962 0.2063451057579109 0.20074346197360826
450 2700 4.355815190339956e-05 0 0.0013657905573269155 0.20634510575425186 0.2007434621743746
451 2706 4.599130340544707e-05 0 0.0013657725418537985 0.20634510575446802 0.20074346216236846
452 2712 4.3830649649302864e-05 0 0.0013657484237559567 0.2063451057560028 0.20074346207869495
453 2718 4.5074070528003294e-05 0 0.0013657804644413621 0.20634510575373896 0.20074346220212755
454 2724 3.5388163317476914e-05 0 0.0013658068394226859 0.20634510575552048 0.20074346210475824
455 2730 2.836163856680841e-05 0 0.001365770175752421 0.20634510575413945 0.20074346218027297
456 2736 2.3647676216230057e-05 0 0.0013657628844414356 0.20634510575388193 0.20074346219453953
457 2742 1.970788494920776e-05 0 0.0013657628844414356 0.20634510575388193 0.20074346219453953
458 2748 2.2370576065782317e-05 0 0.0013658108673074464 0.2063451057547802 0.20074346214433458
459 2754 2.8715642818943307e-05 0 0.0013657990242078508 0.206345105755123 0.20074346212643007
460 2760 2.201923958280958e-05 0 0.0013657792103766346 0.20634510575560702 0.20074346209974267
461 2766 2.0047312581431194e-05 0 0.0013657604334104947 0.20634510575423934 0.20074346217466
462 2772 2.3706176656370467e-05 0 0.0013657977235929607 0.2063451057557504 0.20074346209199861
463 2778 1.853507262425296e-05 0 0.0013658218360121793 0.2063451057537971 0.20074346219893097
464 2784 1.843928273384382e-05 0 0.0013657709792690002 0.206345105755393 0.20074346211187816
465 2790 1.6635967661062375e-05 0 0.0013657772703320713 0.20634510575503687 0.2007434621303801
466 2796 2.3595461876142594e-05 0 0.0013657538620157914 0.20634510575448178 0.20074346216161498
467 2802 2.045428236078492e-05 0 0.001365761329317273 0.20634510575462434 0.200743462154183
468 2808 2.2229759193091338e-05 0 0.0013657529457395297 0.20634510575466652 0.20074346215161054
469 2814 2.2372611884247784e-05 0 0.001365776735555652 0.20634510575359816 0.2007434622098449
470 2820 1.7083109135350597e-05 0 0.0013657549835835656 0.20634510575429618 0.2007434621719315
471 2826 1.2714203475196845e-05 0 0.0013657549835835656 0.20634510575429618 0.2007434621719315
472 2832 1.6786260479232867e-05 0 0.0013657490024447628 0.2063451057536408 0.20074346220711642
473 2838 3.074601123870053e-05 0 0.001365775797254592 0.20634510575411016 0.20074346218149453
474 2844 2.986747033072599e-05 0 0.001365759115616208 0.20634510575381088 0.2007434621981775
475 2850 2.6502611059397707e-05 0 0.0013657907980482089 0.20634510575331264 0.2007434622257744
476 2856 3.567715795041514e-05 0 0.0013656757572938797 0.20634510575282775 0.20074346225277387
477 2862 4.985304761707689e-05 0 0.0013657768515813048 0.2063451057531688 0.20074346223367448
478 2868 5.632359518686493e-05 0 0.0013658090706244906 0.20634510575222834 0.20074346228463288
479 2874 5.392150585157009e-05 0 0.001365762546171257 0.20634510575205867 0.20074346229432527
480 2880 4.849194902559642e-05 0 0.0013657589602679994 0.20634510575242815 0.2007434622743164
481 2886 6.24289608536037e-05 0 0.0013657917265684323 0.2063451057503185 0.2007434623894342
482 2892 6.867298656408185e-05 0 0.0013656974594359317 0.2063451057500037 0.20074346240749474
483 2898 5.367930186857159e-05 0 0.0013657436084020848 0.20634510575070175 0.20074346236867183
484 2904 5.66346379412077e-05 0 0.0013657520536194173 0.20634510575195616 0.20074346229996495
485 2910 6.73664673823326e-05 0 0.0013657656668887377 0.2063451057536382 0.20074346220714312
486 2916 5.835334772247777e-05 0 0.0013657903175074452 0.20634510575275414 0.20074346225643855
487 2922 5.927125319058297e-05 0 0.0013657936778917288 0.20634510575152815 0.20074346232332643
488 2928 8.693670369736569e-05 0 0.0013657878394426996 0.20634510574823556 0.2007434625042666
489 2934 8.644974354448466e-05 0 0.0013657516154548053 0.20634510574706597 0.2007434625676726
490 2940 9.358878218534527e-05 0 0.0013657449845000402 0.2063451057464084 0.20074346260454715
491 2946 0.00011174764861260258 0 0.0013657776850375372 0.20634510574348533 0.20074346276456895
492 2952 8.646281282080468e-05 0 0.0013657919059879048 0.20634510574864895 0.20074346248106117
493 2958 0.00010435836797461257 0 0.0013658192381718693 0.2063451057491459 0.20074346245484184
494 2964 0.00011496808660334552 0 0.0013658038758675077 0.20634510574736184 0.20074346255223785
495 2970 0.00016223458387851282 0 0.0013658013017328527 0.20634510574821577 0.20074346250538552
496 2976 0.0001771039147092606 0 0.0013657870434567196 0.20634510574948484 0.2007434624356131
497 2982 0.00014738293641809155 0 0.0013657833714745713 0.20634510575171072 0.20074346231319265
498 2988 0.00014282479097728532 0 0.0013657429409622804 0.20634510574717452 0.200743462562269
499 2994 0.00019388626571178314 0 0.0013657397705330123 0.20634510575019493 0.20074346239666088
500 3000 0.00025375847682957705 0 0.0013657422178697334 0.20634510574525997 0.20074346266696763
501 3006 0.00018482406266394824 0 0.0013657740686536753 0.20634510575043696 0.20074346238377191
502 3012 0.0001806849480213126 0 0.001365772634973513 0.2063451057505528 0.2007434623766253
503 3018 0.0001394212708729447 0 0.00136581564298885 0.20634510574748502 0.20074346254576875
504 3024 0.00018116514059689681 0 0.0013658048880519236 0.20634510574334927 0.20074346277208102
505 3030 0.0001751619325669567 0 0.0013657670358038876 0.20634510574122542 0.20074346288901782
506 3036 0.00015128256898916238 0 0.0013657833645363093 0.20634510574317874 0.20074346278117597
507 3042 0.0001799339900017449 0 0.0013657574837953935 0.2063451057449159 0.20074346268624976
508 3048 0.0001668116426497007 0 0.001365801753055031 0.20634510574213535 0.20074346283883956
509 3054 0.00016365991567678347 0 0.001365774069845835 0.2063451057429643 0.20074346279346747
510 3060 0.00013668815891320344 0 0.001365753567769824 0.20634510574319168 0.20074346278073454
511 3066 0.0001517395839796913 0 0.0013657773881109053 0.20634510573985518 0.20074346296305232
512 3072 0.00016131117635073317 0 0.0013657412171138672 0.20634510573807238 0.20074346306088972
513 3078 0.00018140591124598095 0 0.001365769243347444 0.20634510573717496 0.2007434631098731
514 3084 0.00021543580343254842 0 0.0013657483327871678 0.20634510573239628 0.20074346337199442
515 3090 0.00023803988926292933 0 0.0013657983933558497 0.2063451057394952 0.20074346298295856
515 3090 0.00023803988926292933 0 0.0013657983933558497 0.2063451057394952 0.20074346298295856
